First Name,Last Name,Gender,Team,Status,Car,Nationality,DOB,Traits,Fame,Scouting Level,Weight,Wages,Contract End,Contract Start,Qualifying Bonus Amount,Qualifying Bonus Position,Race Bonus Amount,Race Bonus Position,Champion Bonus,Pay Driver,Braking,Cornering,Smoothness,Overtaking,Consistency,Adaptability,Fitness,Feedback,Focus,Optimal Zone,Driving Style,Driver Number,Races,Wins,Podiums,Poles,DNFs,DNFs via error,DNS,Career Points,Championships,Form,Experience,Morale,Obedience,Potential,Patience,Chairman Popularity,Fans Popularity,Sponsor Popularity,Skin Colour,Hair,Hair Colour,Glasses,Accessory,Facial Hair,Body Type,Hat,Helmet Style,Helmet Primary Colour,Helmet Secondary Colour,Helmet Tertiary Colour,Marketability,Brake Supplier Preference,Improvement Rate,Peak Duration,Peak Age,Desired Championships,Desired Wins,Desired Earnings,Desired Budget,Stars,Series Preference,Reward ID
Harry,Chapman,M,2,Equal,,UK,07/01/1985,45; 29; 112; 290,0,0,64,16.44,2016,2014,0.25,1,0.25,3,0,0,19.7,19.1,17.4,19.4,19.8,17.75,17.9,17.2,18.95,0.88,94,44,150,34,72,40,19,9,0,1529,2,9;8;9;7;9,100,60,74,8,2,69,85,72,5,2,8,1,0,0,0,2,0,3,5,9,100,4,20,1,33,3,2,100,100,4.644444444,SingleSeaterSeries,
Nina,Holtz,F,2,Equal,,Germany,27/06/1985,1;19; 171; 169,0,0,69,11.88,2017,2015,0,,0.1,1,0,0,16.75,17.9,16.8,15.3,19.3,12.2,16.5,17.8,18.2,0.79,35,6,168,8,28,15,27,15,0,921,0,8;7;9;7;6,100,29,61,9,3,56,98,56,1,2,6,0,0,5,0,14,0,9,10,10,97,4,35,2,32,2,2,200,100,4.1875,SingleSeaterSeries,
Zoe,Sharp,F,3,One,,Australia,01/07/1989,14; 5; 1; 156,0,0,66,16.64,2017,2015,0.25,1,0.25,1,0,0,18.8,18.05,16.4,19.12,19.6,19.8,18.5,18,19.65,0.45,56,3,71,3,8,0,8,6,0,277,0,9;9;7;8;6,100,65,15,15,3,89,47,45,1,4,3,0,0,7,0,2,0,7,4,5,94,5,33,3,30,3,3,200,100,4.664444444,SingleSeaterSeries,
Nicolai,Surikov,M,3,Two,,RussianFederation,26/04/1994,22; 13; 166; 167,0,0,70,9.16,2017,2015,0.06,3,0.06,1,0,0,16.25,17.9,15.5,14.3,18.4,13.3,15.2,12.7,14.4,0.4,71,26,21,0,0,0,5,2,0,10,0,6;8;7;8;7,100,65,86,43,5,100,60,16,0,2,6,3,0,5,0,8,0,0,3,2,44,2,41,4,28,2,3,100,100,3.831944444,SingleSeaterSeries,
Aki,Lipponen,M,4,Equal,,Finland,28/08/1989,8; 3; 82; 204,0,0,72,12.73,2016,2016,0.07,3,0.06,2,0,0,18.56,17.1,15.15,17.9,17.3,16.15,15.8,17.2,18.68,0.6,59,77,40,0,6,0,3,1,0,200,0,8;8;8;6;7,100,25,71,25,4,99,99,10,1,3,2,0,0,0,0,5,0,4,5,9,30,3,25,2,32,1,5,200,100,4.273333333,SingleSeaterSeries,
Ana,Oliveira,F,4,Equal,,Brazil,25/04/1981,26; 53; 35; 213; 271,0,0,68,10.46,2016,2015,0,,0,,0,0,15.45,19.23,18.1,15.8,16.3,15,14.67,17.9,13.2,0.41,3,19,214,11,39,16,31,16,0,970,0,9;5;7;4;7,100,34,90,0,2,47,72,57,3,4,7,0,0,1,0,16,0,3,6,0,76,5,50,3,32,2,4,300,100,4.045833333,SingleSeaterSeries; EnduranceSeries,
Dieter,Wexler,M,5,One,,Germany,03/07/1987,1; 67; 82; 172,1,0,70,15.01,2018,2015,0,,,2,0,0,19.1,19.5,17.86,16.75,18.98,16.23,15.8,18.73,19.1,0.43,15,5,141,40,68,45,21,10,0,1658,4,9;6;7;4;10,100,45,15,18,2,73,14,18,0,3,6,0,0,11,0,8,0,2,5,9,95,2,56,1,31,2,3,500,100,4.501388889,SingleSeaterSeries,
Niilo,Saarinen,M,5,Two,,Finland,17/10/1979,15; 19; 45; 260; 209,1,0,69,13.38,2016,2015,0,,0.065,3,0,0,17.3,17,16.5,17.96,17.6,18.8,18.9,12.1,20,0.62,92,7,215,20,77,16,45,14,0,1036,1,8;6;9;5;9,100,64,32,0,3,72,1,40,0,1,1,1,0,0,0,12,0,6,6,10,4,4,92,3,35,1,4,100,100,4.337777778,SingleSeaterSeries,
Javier,Vázquez,M,6,One,,Spain,29/07/1981,51; 34; 145; 211; 270,0,0,63,16.76,2017,2016,0.2,3,0.2,3,0,0,20,19.1,16.3,17.9,18.1,19.95,17.6,20,19.4,0.83,14,14,237,32,97,22,35,24,0,1767,2,6;8;7;9;6,100,65,78,0,3,57,51,48,1,2,8,3,0,5,0,2,0,7,0,3,66,4,66,2,31,2,2,100,100,4.676388889,SingleSeaterSeries; EnduranceSeries,
Jenny,North,F,6,Two,,UK,19/01/1980,10; 69; 78; 198,0,0,64,13.14,2016,2014,0.08,1,0.065,3,0,0,17.12,17.98,20,15.2,18.1,14.3,16.8,17.6,18.2,0.42,39,22,270,15,50,8,50,11,0,1198,1,4;6;8;7;8,100,60,87,0,4,49,62,93,0,4,6,1,0,5,0,2,0,3,5,4,91,1,86,2,31,2,2,0,100,4.313888889,SingleSeaterSeries; EnduranceSeries,
Wolfgang,Schmidt,M,7,One,,Germany,19/08/1987,21; 82; 161,1,0,71,9.93,2016,2016,0,,0,,0,0,17.1,17.95,16.3,16.15,15.6,15.7,15.6,14.1,15,0.76,56,27,79,0,0,1,9,4,0,238,0,6;9;7;6;8,100,55,72,25,3,54,7,57,0,4,4,0,0,10,0,2,0,3,0,2,54,1,35,1,33,1,2,0,100,3.986111111,SingleSeaterSeries; EnduranceSeries,
Maria,Gonzalez,F,7,Two,,Mexico,26/01/1990,20; 53; 106,1,0,68,9.05,2018,2015,0,,0,,0,0,15.23,14.3,18.1,15.4,11.8,16.8,14.95,15.5,15.1,0.63,19,11,79,0,4,0,12,3,0,189,0,7;4;6;8;3,100,40,89,19,3,3,23,1,3,3,8,0,0,1,0,1,0,6,2,5,78,5,32,2,30,2,1,0,100,3.810555556,SingleSeaterSeries,
Rick,de Graaf,M,8,Equal,,Netherlands,30/09/1997,66; 36; 169; 209; 291,1,0,72,10.79,2016,2016,0,,0.08,2,0,0,18.95,16.6,16.8,17.86,14.22,18.15,15.31,11.05,17.92,0.56,100,33,2,0,0,0,1,1,0,6,0,9;5,34,55,53,36,3,61,96,18,1,3,2,0,0,0,0,14,0,9,1,2,83,4,22,5,28,2,2,100,100,4.079444444,SingleSeaterSeries,
Lucía,Flores,F,8,Equal,,Spain,01/09/1994,68; 33; 169,1,0,63,8.81,2016,2015,0,,0.065,1,0,0,16.1,15.15,15.8,14.23,13.75,15.31,14.1,14.8,16.2,0.57,68,55,2,0,0,0,0,0,0,6,0,6;7,100,49,39,36,4,59,68,76,4,2,6,0,0,1,0,15,0,10,2,8,43,2,30,2,30,2,2,0,100,3.762222222,SingleSeaterSeries,
Samuel,Blanc,M,9,Equal,,France,30/01/1984,44; 56; 126,0,0,75,9.4,2016,2014,0.07,1,0.06,3,0,0,18.2,16.1,11.8,19.12,15.65,13.02,15.1,16.7,14,0.53,34,8,66,0,9,0,20,12,0,236,0,7;6;8;7;4,100,42,11,18,2,24,67,59,1,3,7,1,0,8,0,11,0,2,0,9,23,3,125,3,33,2,1,0,100,3.880277778,SingleSeaterSeries,
Alejandro,Moreno,M,9,Equal,,Venezuela,10/03/1985,60; 32; 165,1,0,74,6.33,2017,2016,0,,0,,0,30,15.1,17.12,9.9,14.35,7.8,10.21,12,14.8,16.3,0.7,66,13,79,1,1,1,20,16,0,49,0,3;5;7;5;6,100,32,18,20,2,14,75,2,4,2,8,0,0,5,0,5,0,7,0,2,85,4,57,1,31,2,3,0,100,3.266111111,SingleSeaterSeries; EnduranceSeries,
Siri,Lundqvist,F,10,Equal,,Sweden,02/09/1990,8; 80; 139; 214,0,0,66,7.52,2016,2016,0,,0.06,3,0,0,12.5,15.2,14.12,10.9,14.3,14.15,15.86,12,17.1,0.84,71,9,18,0,0,0,6,3,0,4,0,5;6;3;7;2,100,39,53,15,4,49,37,31,2,2,4,0,0,6,0,16,0,10,5,0,40,1,27,3,29,2,3,0,100,3.503611111,SingleSeaterSeries,
Esteban,Ribeiro,M,10,Equal,,Brazil,21/08/1992,82; 93; 155; 212,1,0,68,9.02,2016,2016,0,,0,,0,0,16.65,16.05,13.3,15.3,12.8,17.1,16.08,13.76,15.9,0.46,42,12,2,0,0,0,0,0,0,10,0,7;5,85,10,16,20,2,51,69,33,2,0,4,0,0,0,0,5,0,1,3,8,67,4,17,2,32,2,1,0,100,3.803888889,SingleSeaterSeries,
Jeremy,Woodford,M,11,Equal,,UK,28/06/1991,70; 165,1,0,76,6.24,2016,2015,0,,0,,0,3,12.7,14.25,10.9,8.8,14.6,13.3,15,14.9,12.5,0.41,31,28,2,0,0,0,0,0,2,0,0,n/a,100,14,75,22,2,23,21,83,0,4,8,0,0,1,0,3,0,5,8,4,75,5,22,1,30,2,4,0,100,3.248611111,SingleSeaterSeries,
Iker,Vidal,M,11,Equal,,Spain,22/03/1991,66; 200; 270,1,0,75,7.14,2016,2015,0,,0,,0,0,12.95,12.3,13.9,16.7,13.15,13.2,17.3,13.7,10.2,0.53,69,98,2,0,0,0,0,0,2,0,0,n/a,100,26,20,35,5,93,41,12,0,1,7,1,0,7,0,1,0,9,7,10,79,3,25,1,33,2,5,0,100,3.427777778,SingleSeaterSeries; EnduranceSeries,
Pascal,Becker,M,2,Reserve,,Germany,15/01/1998,80; 163,2,0,69,5.9,2016,2016,0,,0,,0,0,10.3,10.8,13.1,3.8,11.2,18.7,15.1,19.2,12.3,0.4,59,1,0,0,0,0,0,0,0,0,0,n/a,31,42,33,50,3,90,74,78,0,1,2,0,0,0,0,16,0,5,7,4,67,4,45,4,26,2,5,0,100,3.180555556,SingleSeaterSeries,
Camille,Piaget,F,3,Reserve,,Switzerland,27/04/1988,64; 284,2,0,59,6.45,2016,2016,0,,0,,0,1,8.9,13.3,10.1,8.85,17.55,15,15.86,19.1,9.79,0.64,30,58,19,0,0,0,5,3,0,4,0,n/a,100,30,96,20,5,90,67,10,5,2,8,0,0,0,0,6,0,6,9,2,65,1,65,1,31,2,1,0,100,3.290277778,SingleSeaterSeries; EnduranceSeries,
Sanjay,Modi,M,4,Reserve,,India,31/07/1993,10,2,0,65,5.79,2016,2015,0,,0,,0,0,10.56,9.1,15.15,10.8,14.05,10.3,11.8,16.8,15.1,0.73,51,29,0,0,0,0,0,0,0,0,0,n/a,100,15,83,30,2,68,96,33,2,6,7,0,0,1,0,16,0,10,1,5,8,1,33,2,29,2,5,0,100,3.157222222,SingleSeaterSeries,
Carla,Espinoza,F,5,Reserve,,Spain,02/12/1987,54,2,0,60,4.4,2016,2016,0,,0,,0,5,7.3,7.6,5.1,15.75,16.1,11.08,8.75,14.9,16,0.93,94,16,1,0,0,0,0,0,0,6,0,n/a,100,50,100,45,3,35,67,30,4,1,9,0,0,0,0,11,0,0,6,6,32,3,92,1,31,2,5,0,100,2.849444444,SingleSeaterSeries,
Jens,Bergman,M,6,Reserve,,Sweden,12/11/1990,3; 137; 164,1,0,71,6.96,2016,2014,0,,0,,0,0,15.1,9.6,15.65,9.3,12.88,16.2,14.1,17.95,11.3,0.42,73,10,2,0,0,0,2,1,0,0,0,n/a,100,65,68,27,2,0,18,48,3,1,7,0,0,6,0,0,0,8,10,7,10,5,96,4,29,2,5,0,100,3.391111111,Any,
Cristiano,De Oeste,M,7,Reserve,,Argentina,19/10/1995,271,2,0,74,3.98,2016,2016,0,,0,,0,0,13.4,14.2,9.25,13.1,6.8,6.75,12.6,15.9,6.8,0.51,46,4,0,0,0,0,0,0,0,0,0,n/a,54,12,11,38,4,67,80,98,2,0,4,1,0,0,0,9,0,4,1,1,25,5,22,2,30,2,1,0,100,2.744444444,SingleSeaterSeries,
Frida,Fischer,F,8,Reserve,,Austria,04/02/1989,92; 111,2,0,58,5.74,2016,2015,0,,0,,0,0,10.3,11.7,10.8,7.9,14.3,15.2,10.1,16.95,16.11,0.44,24,99,0,0,0,0,0,0,0,0,0,n/a,100,63,51,30,5,66,100,84,0,4,5,1,0,0,0,10,0,0,8,7,46,4,62,2,30,2,4,0,100,3.148888889,SingleSeaterSeries; EnduranceSeries,
Oli,Clarke Smith,M,9,Reserve,,UK,27/07/1990,43,2,0,64,7.28,2017,2016,0,,0,,0,0,17.3,16.25,7.85,11.25,17.5,10.2,18.1,17.7,8.3,0.67,36,40,4,0,0,0,1,1,0,0,0,n/a,100,29,34,30,5,64,46,64,0,3,2,0,0,4,0,16,0,9,1,4,43,4,40,1,30,2,1,0,100,3.456944444,SingleSeaterSeries,
Roberto,Persanni,M,10,Reserve,,Italy,28/05/1986,24,2,0,70,6.68,2016,2016,0,,0,,0,0,8.6,15.79,13.1,11.05,11.2,16.95,18.88,15.21,9.321,0.54,40,35,1,0,0,0,0,0,0,0,0,n/a,100,38,56,25,3,53,55,29,1,6,8,1,0,8,0,10,0,7,8,5,6,4,72,3,32,2,3,0,100,3.336138889,Any,
Zak,Hamilton,M,11,Reserve,,UK,11/08/1992,16; 287,2,0,74,6.57,2016,2016,0,,0,,0,0,8,10.89,15.38,9.102,15.86,14.6,17.3,17.8,10.4,0.4,72,70,0,0,0,0,0,0,0,0,0,n/a,86,61,26,30,3,68,70,33,1,4,0,4,0,9,0,6,0,0,7,0,48,1,26,2,31,2,5,0,100,3.314777778,SingleSeaterSeries,
Gustavo,Costa,M,12,Equal,,Portugal,16/08/1989,43; 51; 270;209,0,0,68,6.81,2016,2014,0,,0.06,3,0,0,13.2,14.1,15.7,12.3,13.05,17.65,6.1,14,14.9,0.52,13,95,,,,,,,,,,,100,55,39,12,4,75,10,15,2,2,8,0,0,8,0,5,0,0,0,3,49,2,65,3,30,3,5,0,100,3.361111111,SingleSeaterSeries,
Ricardo,Costa,M,12,Equal,,Portugal,12/08/1988,44; 52; 270;209,0,0,76,4.78,2016,2015,0,,0.05,3,0,0,14.8,7.4,15.8,10.05,9.1,7.25,11,15.8,14.8,0.43,58,84,,,,,,,,,,,100,40,81,60,5,42,86,11,2,4,8,1,0,4,0,1,0,0,6,7,42,4,40,3,30,3,5,0,100,2.944444444,SingleSeaterSeries,
Guillermo,Almeida,M,13,One,,Colombia,18/12/1983,81; 165,-1,0,70,3.36,2017,2016,0,,0.065,2,0,4,10.1,13.75,6.15,9.2,12,8.3,13.6,11,9.1,0.82,21,44,,,,,,,,,,,100,20,98,8,3,29,90,75,2,0,8,0,0,6,0,15,0,9,3,3,6,4,50,2,32,2,6,0,100,2.588888889,SingleSeaterSeries,
Jessica,Munroe,F,13,Two,,UnitedStates,21/03/1983,56,0,0,67,8.49,2016,2016,0,,0.08,3,0,0,13.4,16.9,18.7,12.1,10.2,12.15,17,17.8,14.9,0.41,53,49,,,,,,,,,,,100,55,39,15,5,61,98,69,2,2,2,0,0,0,0,15,0,3,9,6,47,3,80,1,34,1,1,0,100,3.698611111,SingleSeaterSeries; EnduranceSeries,
Freya,Larsen,F,14,Equal,,Denmark,01/06/1993,53,1,0,64,6.55,2016,2015,0,,0,,0,0,18.7,12.1,12.25,14,11.85,14.1,10.35,13,12.8,0.6,36,14,,,,,,,,,,,100,26,7,45,4,19,36,5,3,4,9,1,0,0,0,6,0,7,4,5,11,2,55,6,26,2,3,0,100,3.309722222,SingleSeaterSeries,
Johnny,Navarro,M,14,Equal,,Venezuela,11/11/1995,11,1,0,69,4.78,2017,2016,0,,0.04,1,0,0,12.1,7.3,10.95,10.8,15.85,12,14.85,10.1,12.05,0.8,100,12,,,,,,,,,,,53,30,82,38,3,85,19,83,2,3,3,0,0,0,0,8,0,3,5,0,37,2,40,4,28,1,1,0,100,2.944444444,Any,
Molly,Fox,F,15,One,,UnitedStates,25/11/1996,43;36,0,0,62,6.53,2016,2016,0,,0.055,3,0,0,19.65,16.15,8.2,17.4,12.3,5.2,14.1,11.9,14.1,0.84,41,71,,,,,,,,,,,43,45,41,44,3,10,82,46,3,6,6,1,0,0,0,4,0,9,1,3,13,1,50,1,33,3,5,0,100,3.305555556,SingleSeaterSeries,
Ellie,Nightingale,F,15,Two,,UK,05/04/1995,72,-1,0,60,3.67,2016,2016,0,,0.05,5,0,0,8,5.2,11.95,10.1,17.8,12.9,5.25,13.8,11,0.86,4,42,,,,,,,,,,,59,55,28,23,3,14,90,32,1,3,4,0,0,0,0,7,0,3,9,9,24,3,45,2,30,2,1,0,100,2.666666667,SingleSeaterSeries,
Mattias,De Wolf,M,16,One,,Belgium,26/01/1990,9,0,0,66,8.5,2016,2016,0,,0,,0,0,16.8,13,18.98,16.1,16.15,8.3,16,18.8,9.05,0.42,90,54,,,,,,,,,,,100,48,62,28,4,40,77,34,0,4,7,3,0,2,0,8,0,8,2,0,60,4,30,1,31,1,2,0,100,3.699444444,Any,
Go,Kanjiro,F,16,Two,,Japan,05/05/1991,27; 291,0,0,68,4.15,2016,2016,0,,0,,0,0,3.2,12.95,18,6.15,15.9,10.05,11.95,8.3,13.88,0.61,34,100,,,,,,,,,,,98,46,88,38,3,6,66,88,0,2,7,0,0,0,0,0,0,6,7,2,36,1,50,1,30,3,10,0,100,2.788333333,SingleSeaterSeries,
Kareem,Shah,M,17,One,,UK,30/06/1988,67; 288,-1,0,75,5,2017,2016,0,,0.05,5,0,0,5.9,6.1,15.7,14.3,17.6,11.5,15.9,13.2,7.8,0.74,26,20,,,,,,,,,,,100,55,76,28,2,29,61,87,3,3,9,0,0,11,0,16,0,2,7,6,45,2,70,3,31,2,5,0,100,3,SingleSeaterSeries,
Alex,Willis,M,17,Two,,UnitedStates,06/04/1982,35; 51,-1,0,74,5.18,2016,2016,0,,0,,0,0,15.8,14.9,7.5,9.6,11.1,12.2,12.1,18.1,8,0.56,11,21,,,,,,,,,,,100,25,30,0,4,4,49,45,0,2,3,0,0,1,0,10,0,0,9,4,46,3,50,1,34,2,6,0,100,3.036111111,Any,
Michelle,Cooper,F,18,Equal,,NewZealand,19/10/1984,55; 50; 171;,-1,0,65,4.56,2017,2014,0,,0,,0,0,6.05,6.2,16.95,4.9,14.9,15.85,14.9,15.75,8.5,0.92,25,11,,,,,,,,,,,100,53,1,0,3,44,75,54,0,5,7,0,0,0,0,8,0,9,7,3,19,2,50,3,31,1,1,0,100,2.888888889,Any,
Artem,Mikhailovic,M,18,Equal,,RussianFederation,03/07/1989,67; 50; 118;,-1,0,67,3.22,2018,2016,0,,0,,0,0,10.5,7.75,6.9,13.85,5.9,4.9,8.95,17.2,16.05,0.87,83,24,,,,,,,,,,,100,46,89,40,3,90,68,76,3,7,8,4,0,5,0,11,0,5,0,9,59,2,67,1,33,2,7,0,100,2.555555556,Any,
Niccolo',Strambi,M,19,Equal,,Italy,15/01/1991,69; 287,2,0,63,4.89,2017,2016,0,,0.04,5,0,0,10.2,5.9,8.85,17.75,16.05,11.95,14.9,8.9,12.5,0.9,3,48,,,,,,,,,,,100,33,16,35,3,64,41,49,5,4,8,1,0,10,0,3,0,5,8,2,0,3,50,3,30,2,1,0,100,2.972222222,SingleSeaterSeries,
Jonas,Braunlich,M,19,Equal,,Austria,09/03/1986,72,-1,0,69,3,2016,2016,0,,0,,0,0,14.05,10.2,7.95,7.9,13.9,7.85,5.9,7.75,14.5,0.42,76,100,,,,,,,,,,,100,54,13,29,5,96,86,82,1,5,3,0,0,0,0,13,0,5,8,1,23,3,80,1,32,1,5,0,100,2.5,SingleSeaterSeries,
Johan,Sylvander,M,20,Equal,,Sweden,25/05/1995,73; 80,1,0,64,7.24,2016,2015,0,,0,,0,0,12.9,14.7,13.2,9.2,17,14.85,11.05,13.15,18.1,0.4,26,32,,,,,,,,,,,100,41,12,25,2,33,100,70,2,2,5,1,0,0,0,11,0,9,2,2,62,1,20,3,28,2,6,0,100,3.448611111,SingleSeaterSeries,
Estela,Batista,F,20,Equal,,Brazil,07/04/1985,25,-1,0,63,4.08,2016,2016,0,,0.05,3,0,0,6.3,11.95,16.8,16.7,9,11.95,11.8,7.05,8.15,0.91,44,32,,,,,,,,,,,100,44,25,12,5,24,62,77,5,5,7,0,0,5,0,15,0,9,4,6,36,1,70,3,33,1,1,0,100,2.769444444,SingleSeaterSeries,
Laura,Ingledew,F,21,Equal,,UK,26/08/1993,22; 30; 80,0,0,58,4.25,2016,2015,0,,0,,0,0,11.7,14.2,11.85,8.3,7.9,12.2,16,8.05,11.05,0.45,33,3,,,,,,,,,,,100,52,7,46,2,55,71,5,1,2,3,2,0,0,0,2,0,8,3,3,62,1,30,2,29,2,6,0,100,2.8125,SingleSeaterSeries,
Austin,Zarate,M,21,Equal,,Indonesia,28/01/1991,59,2,0,63,2.74,2016,2016,0,,0,,0,0,8.95,2.7,7.95,9.05,11.3,5.8,14,16.8,11.15,0.9,66,50,,,,,,,,,,,100,38,27,22,3,17,7,98,2,1,7,0,0,0,0,4,0,5,2,3,15,3,75,4,28,2,1,0,100,2.436111111,Any,
Sergio,Arbeloa,M,22,Equal,,Spain,09/10/1991,29,1,0,65,2.97,2016,2015,0,,0,,0,0,15.9,7.2,6.05,7.9,12,6.05,14.7,11.85,8.05,0.69,77,3,,,,,,,,,,,100,35,56,20,5,17,25,67,5,5,6,0,0,0,0,4,0,6,3,6,22,5,40,1,30,1,5,0,100,2.491666667,SingleSeaterSeries,
Edda,Jónsdóttir,F,22,Equal,,Iceland,12/06/1995,29; 165,2,0,71,4.08,2016,2015,0,,0,,0,2,12.3,8.8,10,17.8,5.15,13.95,12.7,9.95,9.05,0.42,65,13,,,,,,,,,,,100,54,19,33,3,77,57,70,1,5,2,0,0,1,0,13,0,10,10,1,43,1,35,4,28,3,10,150,100,2.769444444,Any,
Jean-François,Beauchamp,M,23,One,,Canada,21/07/1975,3; 35; 86,-1,0,67,6.25,2017,2016,0,,0,,0,0,7.4,16.8,15.95,10.1,16.75,15.9,13,9.05,12.05,0.88,40,78,,,,,,,,,,,100,51,24,0,5,30,36,68,0,0,9,4,0,10,0,0,0,10,5,0,85,1,45,3,29,2,5,0,100,3.25,SingleSeaterSeries,
Tanvir,Jha,M,23,Two,,India,03/01/1977,7; 35; 209; 278; 86,0,0,75,8.14,2018,2016,0.065,5,0.07,3,0,0,12.3,15.1,8.15,15.95,16.5,16.9,15.8,15,14.9,0.73,64,10,,,,,,,,,,,100,45,44,0,5,76,54,42,4,0,6,0,0,0,0,6,0,5,3,5,92,2,50,3,32,1,4,0,100,3.627777778,SingleSeaterSeries,
Luigi,Marchetta,M,24,Equal,,Italy,22/04/1984,64; 165,-1,0,64,3,2016,2015,0,,0,,0,0.75,6.75,12.1,16.7,4.95,14.2,6.7,12.8,10.5,5.3,0.49,54,7,,,,,,,,,,,100,39,68,42,3,91,55,8,3,5,9,0,0,2,0,8,0,9,7,4,36,2,50,1,31,2,4,0,100,2.5,SingleSeaterSeries,
Claudia,Dreyfuss,F,24,Equal,,Germany,18/06/1998,8,2,0,68,3.44,2017,2016,0,,0,,0,0,7,17.9,9.6,9.8,9.1,16.6,6.4,11.5,6.1,0.72,85,2,,,,,,,,,,,27,37,20,23,3,11,48,39,1,3,4,3,0,0,0,15,0,9,2,3,21,1,16,1,35,2,1,0,100,2.611111111,Any,
Sergey,Antonov,M,25,One,,RussianFederation,03/11/1984,10; 66,-1,0,67,3.56,2018,2016,0,,0,,0,0,8.42,9.3,10.5,8.04,7.68,6.35,17.07,9.62,18.02,0.52,91,48,,,,,,,,,,,100,15,81,40,3,26,71,93,5,3,8,0,0,4,0,3,0,1,7,2,35,4,100,2,32,2,3,0,100,2.638888889,Any,
Merja,Väänänen,F,25,Two,,Finland,27/10/1986,59,2,0,70,1.89,2017,2015,0,,0,,0,0,13.31,9.63,3.84,13.48,5.67,6.1,10.35,6.97,10.65,0.66,60,27,,,,,,,,,,,100,20,24,44,4,86,2,52,1,0,8,0,0,5,0,10,0,5,8,5,7,1,70,3,32,2,1,0,100,2.222222222,SingleSeaterSeries,
André,Sabado,M,26,One,,Brazil,23/04/1985,3; 16,1,0,68,1.89,2016,2015,0,,0,,0,0,14.17,11.95,6.43,10.33,9.15,10.1,5.52,5.78,6.57,0.93,34,66,,,,,,,,,,,100,36,14,41,5,100,24,24,3,3,8,0,0,1,0,16,0,10,5,7,32,4,125,1,33,2,5,0,100,2.222222222,SingleSeaterSeries,
Jean-Pierre,Gérard,M,26,Two,,France,01/12/1991,26; 291,1,0,72,1.67,2016,2015,0,,0,,0,0,4.47,6.27,14.1,7.48,12.69,5.54,6.91,11.02,9.52,0.41,7,87,,,,,,,,,,,100,49,34,20,4,29,34,65,2,0,6,3,0,9,0,10,0,2,9,9,4,3,20,4,30,2,8,0,100,2.166666667,SingleSeaterSeries,
Amanda,Cavalcanti,F,27,Two,,Brazil,16/09/1995,170; 2; 16,0,0,65,4.78,2018,2016,0,,0.055,3,0,0,10.22,12.44,8.91,17.62,16.5,7.28,12.19,7.81,13.03,0.74,84,79,,,,,,,,,,,55,38,88,45,3,93,8,95,1,0,9,1,0,0,0,7,0,4,2,4,8,1,26,2,30,2,1,0,100,2.944444444,SingleSeaterSeries,
Eduardo,Melo,M,27,One,,Brazil,20/03/1993,172; 169; 45,-1,0,64,0.92,2018,2015,0,,0.04,1,0,0,9.21,8.27,5.75,9.85,3.24,4.59,9.33,5.7,10.06,0.9,6,41,,,,,,,,,,,100,43,87,42,4,100,95,60,4,2,4,0,0,0,0,7,0,1,0,9,44,1,61,4,28,3,10,100,100,1.833333333,Any,
Nick,Chu,M,28,Two,,Thailand,23/02/1998,82; 11; 155,2,0,75,2.44,2016,2016,0,,0,,0,0,6.39,5.06,7,12.15,5.95,13.93,14.81,7.67,12.04,0.7,37,14,,,,,,,,,,,30,51,79,23,3,61,17,56,0,2,9,0,0,0,0,16,0,6,5,6,7,5,35,3,33,2,2,0,100,2.361111111,SingleSeaterSeries,
Bao,Tāng,M,28,One,,China,16/09/1991,165; 40; 52,1,0,76,0.94,2018,2015,0,,0,,0,6,8.79,8.44,7.1,8.27,6.03,5.66,9.24,2.5,11.97,0.65,3,74,,,,,,,,,,,100,62,63,0,4,83,40,14,1,5,8,0,0,3,0,13,0,7,6,10,68,2,40,2,30,2,1,0,100,1.888888889,Any,
Ines,Santa Ana,F,29,Equal,,Argentina,29/05/1992,14; 208,2,0,70,1.67,2018,2016,0,,0,,0,0,10.37,5.2,7.6,10.5,10.73,6.58,9.24,8.24,9.54,0.51,36,8,,,,,,,,,,,88,51,57,33,4,80,14,93,2,5,7,0,0,0,0,12,0,6,1,3,2,1,50,3,29,2,1,0,100,2.166666667,SingleSeaterSeries,
William,Evans,M,29,Equal,,Australia,21/12/1988,1; 46; 74,-1,0,81,0.46,2017,2016,0,,0,,0,0,2.61,6.12,3.5,2.22,3.56,4.08,5.88,2.37,1.66,0.42,7,37,,,,,,,,,,,100,41,31,25,2,58,28,42,0,1,8,3,0,1,0,9,0,8,0,7,27,3,50,1,34,2,3,0,100,0.888888889,Any,
Aurélie,Dembélé,F,30,Two,,France,16/06/1983,7,-1,0,72,3.11,2016,2015,0,,0,,0,0,6.66,12.25,9.63,7.31,12.6,9.5,13.48,11.68,7.89,0.72,48,69,,,,,,,,,,,100,20,25,0,4,75,10,76,5,3,8,0,0,0,0,17,0,4,7,0,42,2,20,3,33,2,1,0,100,2.527777778,SingleSeaterSeries,
Sergio,Valdés,M,30,One,,Spain,04/03/1996,49; 2; 13; 209,-1,0,71,4.22,2018,2016,0.04,3,0.05,3,0,0,9.26,15.13,11.92,13.6,11.24,12.04,4.69,11.05,12.07,0.48,77,29,,,,,,,,,,,50,53,18,33,3,98,17,84,4,0,5,1,0,0,0,0,0,7,6,2,100,2,29,2,32,3,10,150,100,2.805555556,Any,
Mustafa,El Sadat,M,31,Equal,,Egypt,18/08/1993,65; 209; 274,2,0,76,2.44,2016,2016,0,,0,,0,0,5.43,8.05,14.42,9.85,12.7,6.33,4.56,13.97,9.69,0.61,55,40,,,,,,,,,,,76,51,85,30,5,71,31,77,2,1,5,0,0,0,0,1,0,5,3,8,30,5,50,1,32,2,2,0,100,2.361111111,Any,
Alex,Rogers,M,31,Equal,,UK,21/01/1982,65; 24,-1,0,69,2,2016,2016,0,,0,,0,0,8.75,5.87,6.29,12.79,11.89,10.51,4.41,8.07,12.42,0.9,19,56,,,,,,,,,,,100,53,64,11,3,82,98,87,1,1,1,1,0,2,0,0,0,3,5,5,44,3,50,3,34,2,1,0,100,2.25,Any,
Noomi,Seppälä,F,12,Reserve,,Finland,29/05/1983,264,2,0,74,4.67,2016,2016,0,,0,,0,0,17,8.11,11.65,15.6,16.42,15.18,6.39,8.54,6.11,0.42,85,13,,,,,,,,,,,100,33,55,9,2,60,17,56,2,5,1,0,0,0,0,4,0,3,9,5,1,1,50,1,31,2,1,0,100,2.916666667,SingleSeaterSeries,
Andrea,Floridi,F,13,Reserve,,Italy,12/12/1990,10,-1,0,68,4.67,2017,2016,0,,0,,0,0,6.37,9.85,13.8,13.35,7.73,16.05,13.7,14.44,9.71,0.63,38,14,,,,,,,,,,,100,21,62,25,5,39,49,58,3,4,7,0,0,0,0,12,0,4,9,8,28,3,18,3,33,2,2,0,100,2.916666667,Any,
Amy,McCloud,F,14,Reserve,,UK,11/03/1997,21;49,-1,0,63,1,2016,2016,0,,0,,0,0,4.93,3.55,4.57,13.47,10.23,2.14,18.2,3.91,11,0.75,45,4,,,,,,,,,,,40,40,20,58,3,66,63,53,2,5,2,0,0,0,0,16,0,6,7,7,19,2,95,3,31,2,1,0,100,2,Any,
Frankie,Parkes,M,15,Reserve,,UK,18/07/1989,41; 80; 165,-1,0,68,0.28,2016,2016,0,,0,,0,7.5,1.4,2.6,1.3,2.8,1.6,1.8,1,1.2,2.4,0.55,84,23,,,,,,,,,,,100,62,87,12,3,46,33,99,1,4,8,0,0,0,0,3,0,5,2,4,36,5,35,1,34,2,1,0,100,0.447222222,Any,
Gabriela,Sá,F,16,Reserve,,Portugal,17/06/1992,46; 209,-1,0,66,4.22,2016,2015,0,,0,,0,0,18.47,12.8,10.75,8.02,18.14,5.7,13.42,7.06,6.64,0.88,99,83,,,,,,,,,,,100,44,91,12,5,61,38,91,5,4,8,3,0,0,0,11,0,2,6,3,23,1,45,3,29,1,1,0,100,2.805555556,SingleSeaterSeries,
Magnus,Krantz,M,17,Reserve,,Germany,17/05/1988,37,-1,0,63,4.11,2016,2015,0,,0,,0,0,5.1,11.58,4.63,10.15,9.5,11.97,18.47,16.34,12.26,0.59,49,79,,,,,,,,,,,100,62,37,32,2,83,40,20,1,2,7,0,0,0,0,5,0,5,9,7,14,4,50,1,33,2,1,0,100,2.777777778,SingleSeaterSeries,
Thierry,Leclère,M,18,Reserve,,France,12/09/1983,64,-1,0,68,3.56,2016,2015,0,,0,,0,0,5.22,11.27,13.79,11.74,9.35,17.34,10.58,8.88,6.83,0.48,89,65,,,,,,,,,,,100,66,83,26,3,20,15,36,5,4,7,0,0,0,0,11,0,2,1,6,41,3,80,1,34,2,4,0,100,2.638888889,SingleSeaterSeries,
Ebony,Tyler,F,19,Reserve,,UK,06/10/1998,50; 6,2,0,62,5.69,2016,2016,0,,0,,0,0,9.08,17.75,17.21,15.24,11.2,15.25,11.64,9.03,6.6,0.76,24,39,,,,,,,,,,,24,63,12,12,3,86,35,49,2,1,2,4,0,0,0,12,0,8,8,8,10,4,25,4,31,2,1,0,100,3.138888889,Any,
Khotso,Masilela,M,20,Reserve,,SouthAfrica,15/02/1996,15,-1,0,75,3.89,2016,2016,0,,0,,0,0,5.88,10.74,10.29,14.08,17.05,8.58,7.85,16.46,7.07,0.42,35,25,,,,,,,,,,,51,59,17,30,5,97,17,68,4,3,8,0,0,10,0,17,0,2,0,10,45,4,30,2,30,1,3,0,100,2.722222222,Any,
Jaidee,Veerapol,F,21,Reserve,,Thailand,24/05/1993,60; 182; 294,1,0,60,0.86,2017,2015,0,,0,,0,0,8.2,2.27,13.15,6.9,4.9,2.78,10.46,11.62,1.72,0.73,58,75,,,,,,,,,,,100,41,32,32,2,64,43,62,1,1,4,0,0,0,0,13,0,7,6,4,35,5,45,5,28,2,1,0,100,1.722222222,Any,
Shen,Qi,F,22,Reserve,,China,20/08/1997,6; 56,-1,0,54,0.79,2016,2016,0,,0,,0,0,9.84,8.45,2.28,11.18,1.79,5.08,9.61,5.2,3.57,0.47,94,98,,,,,,,,,,,35,26,10,45,3,68,89,42,1,5,5,0,0,0,0,12,0,0,10,1,61,3,40,6,28,2,2,0,100,1.583333333,Any,
Valerie,Yao,F,23,Reserve,,Singapore,30/06/1982,2,-1,0,58,0.69,2016,2016,0,,0,,0,0,3.95,3.74,8.97,1.93,7.71,6.26,7.99,3.3,6.15,0.59,60,47,,,,,,,,,,,100,44,16,55,3,86,58,90,3,5,8,0,0,0,0,1,0,9,2,9,63,2,30,1,33,3,1,0,100,1.388888889,Any,
Adrian,Earle,M,24,Reserve,,UK,08/07/1987,42,-1,0,66,0.68,2017,2015,0,,0,,0,0,16.34,5.87,9.81,1.65,1.84,3.26,3.71,4.21,2.31,0.58,87,90,,,,,,,,,,,100,52,7,15,3,18,67,38,2,1,0,0,0,0,0,17,0,4,10,9,43,5,65,3,32,2,1,0,100,1.361111111,Any,
Simone,Santore,F,25,Reserve,,Italy,24/10/1991,74; 284,-1,0,59,0.78,2016,2016,0,,0,,0,0,5,5.19,9.08,1.78,7.25,7.01,3.8,9.16,7.73,0.79,28,93,,,,,,,,,,,94,55,35,66,3,28,72,15,3,2,6,1,0,5,0,15,0,3,7,7,35,2,88,3,31,2,6,0,100,1.555555556,Any,
Christian,West,M,26,Reserve,,UK,29/09/1993,48,-1,0,73,0.53,2016,2015,0,,0,,0,0,6.54,5.77,5.45,2.45,0.66,2.05,6.87,5.71,2.5,0.71,1,49,,,,,,,,,,,100,23,6,12,2,52,4,15,1,3,9,0,0,0,0,10,0,5,7,2,37,1,45,1,32,2,1,0,100,1.055555556,Any,
Bruno,Cabral,M,27,Reserve,,Portugal,27/09/1998,26; 164,-1,0,73,0.56,2016,2016,0,,0,,0,0,7.25,8.25,3.11,8.28,1.83,1.89,6.02,1.61,1.76,0.55,45,56,,,,,,,,,,,24,55,74,16,3,9,48,29,0,4,9,0,0,0,0,6,0,6,9,1,33,3,30,2,30,2,1,0,100,1.111111111,Any,
Hong,Liào,M,28,Reserve,,China,20/10/1998,6,-1,0,71,2,2016,2016,0,,0,,0,0,9.29,9.84,4.99,9.19,4.87,5.71,10.26,15.33,11.52,0.54,21,56,,,,,,,,,,,24,57,74,44,5,56,7,98,3,0,6,0,0,2,0,3,0,8,2,0,65,1,40,3,34,1,1,0,100,2.25,Any,
Katie,Linares,F,29,Reserve,,Australia,15/07/1995,7,-1,0,62,0.44,2016,2015,0,,0,,0,0,3.08,2.18,2.16,1.01,1.81,4.03,9.2,5.73,1.8,0.66,23,73,,,,,,,,,,,100,55,6,0,4,72,88,22,3,2,8,4,0,0,0,9,0,10,10,6,16,1,45,2,27,2,1,0,100,0.861111111,Any,
Cerys,Young,F,30,Reserve,,UnitedStates,24/12/1985,8,-1,0,66,0.53,2016,2016,0,,0,,0,0,2.2,1.39,4.19,1.52,5.68,3.15,3.85,8.92,7.1,0.92,91,47,,,,,,,,,,,100,29,78,27,3,89,34,53,1,1,7,0,0,0,0,13,0,4,0,8,49,5,65,1,32,2,1,0,100,1.055555556,Any,
Peter,Young,M,31,Reserve,,UK,14/01/1985,10,-1,0,74,0.57,2016,2015,0,,0,,0,0,3.33,2.3,5.02,4.37,2.71,4.72,1.88,11.12,5.55,0.81,17,5,,,,,,,,,,,100,44,9,26,5,33,58,7,1,4,4,1,0,11,0,6,0,5,3,0,43,5,50,1,31,3,1,0,100,1.138888889,Any,
Andrea,Gabler,F,32,One,,Germany,11/10/1981,35; 73; 278,0,0,66,14.44,2016,2014,0.08,1,0.065,3,0,0,17.64,16.9,19.61,17.15,19.17,16.2,15.84,18.46,19.03,0.85,16,,,,,,,,,,,,100,68,81,0,4,,,,2,3,8,0,0,1,0,14,0,10,5,10,88,2,50,2,33,3,10,200,100,4.444444444,GTSeries; EnduranceSeries,
Lisandro,Cruz,M,32,Two,,Venezuela,13/02/1993,34,0,0,74,7.78,2017,2015,0,,0,,0,0,3.97,14.03,16.85,15.03,17.17,17.73,7.09,17.84,18.29,0.49,87,,,,,,,,,,,,100,70,97,35,3,,,,2,1,5,0,0,0,0,12,0,4,2,0,64,1,40,3,29,2,7,100,100,3.555555556,GTSeries,
Chica,Balcazar,F,32,Reserve,,Spain,01/06/1998,6; 53; 287,0,0,64,6.81,2018,2016,0,,0,,0,0,15.94,15.14,10.22,17.01,8.77,12.76,16.38,10.61,14.17,0.75,16,,,,,,,,,,,,28,50,81,12,4,,,,5,1,9,0,0,0,0,16,0,8,6,7,55,2,20,2,28,3,5,0,100,3.361111111,Any,
Maxime,Lori,M,33,Equal,,Switzerland,23/12/1983,35; 53; 65,0,0,67,15.28,2016,2015,0,,0,,0,0,17.24,16.41,19.36,18.16,19.64,18.9,16.89,17.61,18.79,0.5,16,,,,,,,,,,,,100,61,81,0,4,,,,2,6,7,1,0,0,0,8,0,10,6,9,88,2,50,3,32,3,4,0,100,4.527777778,GTSeries; EnduranceSeries,
Sofi,Sevilla,F,33,Equal,,Spain,08/12/1986,22,1,0,64,8.33,2017,2015,0,,0,,0,0,15.19,14.32,17.6,18.17,12.62,16.19,18.92,13.28,5.71,0.86,17,,,,,,,,,,,,100,58,33,30,3,,,,0,1,1,0,0,5,0,0,0,4,2,5,68,5,45,3,32,2,5,0,100,3.666666667,GTSeries,
Miia,Lahtinen,F,33,Reserve,,Finland,15/09/1989,64; 165,1,0,59,0.93,2018,2016,0,,0,,0,1.45,5.82,4.29,4.04,11.13,6.99,14.97,7.56,5.94,6.26,0.47,43,,,,,,,,,,,,100,65,80,50,3,,,,0,4,9,0,0,0,0,0,0,5,4,2,10,4,65,2,30,2,3,0,100,1.861111111,Any,
Chiaki,Hashimoto,F,34,One,,Japan,16/10/1997,36;  25; 228,0,0,61,12.5,2016,2015,0,,0,,0,0,17.83,18.52,7.8,14.96,17.98,18.79,19.54,18.42,19.16,0.73,16,,,,,,,,,,,,52,63,81,20,4,,,,2,5,0,0,0,5,0,14,0,0,2,3,89,2,15,6,26,3,4,150,100,4.25,Any,
Riku,Tanaka,M,34,Two,,Japan,31/05/1990,30; 41; 227,1,0,70,7.08,2016,2015,0,,0,,0,0,14.37,16.74,9.82,9.2,7.47,14.94,16.57,17.74,16.15,0.66,16,,,,,,,,,,,,100,63,81,25,4,,,,1,6,4,0,0,0,0,6,0,5,4,5,47,2,35,2,31,2,2,0,100,3.416666667,GTSeries,
Marieke,Meulen,F,34,Reserve,,Netherlands,13/04/1982,44; 165,1,0,61,0.82,2016,2014,0,,0,,0,0.35,5.71,4.75,8.31,4.98,7.39,7.22,1.84,6.56,12.24,0.51,13,,,,,,,,,,,,100,68,64,9,5,,,,1,5,9,0,0,0,0,0,0,9,6,4,16,4,50,2,34,1,3,0,100,1.638888889,GTSeries,
Jarita,Dutt,F,35,Two,,India,25/03/1991,43; 16,1,0,54,8.61,2017,2015,0,,0,,0,0,9.8,11.54,18.1,14.88,12.21,18.11,16.26,16.73,16.37,0.92,16,,,,,,,,,,,,100,57,81,2,4,,,,2,3,4,1,0,0,0,4,0,6,10,8,90,2,15,4,27,2,2,0,100,3.722222222,Any,
Rafael,Rodrigues,M,35,One,,Portugal,21/06/1988,39;24;89,0,0,81,6.94,2018,2016,0,,0.06,1,0,0,10.65,18.79,16.16,16.15,14.8,6.31,8.71,13.17,17.26,0.72,34,,,,,,,,,,,,100,49,3,22,3,,,,1,5,6,1,0,0,0,5,0,6,5,3,95,1,55,2,33,3,10,100,100,3.388888889,Any,
Lorenzo,Mori,M,35,Reserve,,Italy,10/11/1987,9;79,-1,0,75,4.78,2016,2015,0,,0,,0,0,5.3,19.8,10.75,8.19,9.95,9.83,11.49,10.99,19.7,0.46,35,,,,,,,,,,,,100,56,0,19,4,,,,2,4,6,0,0,0,0,4,0,10,1,1,54,2,25,3,31,2,2,0,100,2.944444444,GTSeries,
Mia,Holgersen,F,36,Equal,,Denmark,07/07/1997,68,-1,0,63,9.03,2016,2015,0,,0,,0,0,17.32,15.11,17.13,17.78,12.37,18.73,12.44,12.62,13.5,0.66,16,,,,,,,,,,,,60,60,81,10,4,,,,1,2,2,0,0,10,0,14,0,6,10,0,40,2,24,4,30,2,3,0,100,3.805555556,GTSeries; EnduranceSeries,
Will,Baggs,M,36,Equal,,Australia,25/08/1976,35; 46,1,0,70,11.39,2017,2015,0,,0,,0,0,14.82,15.01,17.85,15.2,19.44,17.83,12.1,17.1,19.65,0.62,16,,,,,,,,,,,,100,53,81,0,4,,,,1,3,8,0,0,1,0,1,0,3,2,3,74,2,50,1,33,2,3,0,100,4.138888889,Any,
Angela,Casciani,F,36,Reserve,,Italy,15/08/1998,36,-1,0,66,0.64,2017,2015,0,,0,,0,0,6.44,6.93,2.83,5.15,3.89,5.98,5.15,3.77,5.86,0.42,16,,,,,,,,,,,,27,67,81,24,4,,,,2,5,3,0,0,0,0,15,0,9,6,0,18,2,38,3,30,1,4,0,100,1.277777778,GTSeries,
Ray,Roberts,M,37,One,,UnitedStates,18/11/1980,288; 56; 230; 86;,1,0,67,8.06,2018,2016,0,,0,,0,0,11.71,4.41,17.12,19.24,19.05,9.63,12.01,17.75,19.08,0.43,16,,,,,,,,,,,,100,38,81,20,4,,,,1,3,2,1,0,8,0,3,0,9,0,6,45,2,21,4,26,2,2,0,100,3.611111111,Any,
Alice,Wood,F,37,Two,,UK,21/05/1983,74; 2; 283; 165,2,0,59,8.19,2019,2016,0,,0,,0,12,9.98,11.96,12.76,15.32,18.07,13.14,14,17.27,18.5,0.53,16,,,,,,,,,,,,100,64,81,0,4,,,,2,1,9,0,0,0,0,15,0,10,10,5,26,2,50,3,34,2,3,0,100,3.638888889,Any,
Óscar,Diaz,M,37,Reserve,,Colombia,30/03/1984,3,2,0,65,3.44,2016,2015,0,,0,,0,0,10.1,12.93,13.34,13.13,7,4.13,9.94,6.89,16.54,0.71,42,,,,,,,,,,,,100,61,54,15,3,,,,3,0,7,0,0,0,0,17,0,1,0,7,61,5,50,2,31,2,4,0,100,2.611111111,Any,
Will,Hume,M,38,Equal,,UK,19/03/1996,73; 70,-1,0,74,7.22,2016,2014,0,,0,,0,0,12.4,11.21,17.02,8.15,17.37,17.85,10.72,13.6,15.68,0.63,16,,,,,,,,,,,,99,60,81,46,4,,,,1,3,8,0,0,8,0,15,0,6,2,6,95,2,18,3,30,3,5,100,100,3.444444444,GTSeries; EnduranceSeries,
Patrycja,Kaluza,F,38,Equal,,Poland,13/01/1997,6; 65,2,0,70,7.36,2018,2016,0,,0,,0,0,14.38,8.22,12.23,13.59,17.89,15.05,14.85,11.64,17.15,0.46,16,,,,,,,,,,,,41,41,81,10,4,,,,0,3,5,0,0,5,0,11,0,1,8,10,73,2,28,4,30,2,1,0,100,3.472222222,GTSeries; EnduranceSeries,
Masahiko,Tanakuchi,M,38,Reserve,,Japan,23/11/1993,51; 54,-1,0,65,6.81,2016,2015,0,,0,,0,0,17.5,17.84,10.01,16.96,6.67,9.35,16.14,10.01,16.52,0.47,16,,,,,,,,,,,,100,56,81,33,4,,,,2,7,6,0,0,0,0,2,0,1,6,9,26,2,55,3,28,2,2,0,100,3.361111111,Any,
Eva,Blasi,F,39,One,,Switzerland,02/12/1989,65; 53,-1,0,62,10,2017,2015,0,,0,,0,0,18.9,17.21,18,8.66,16.1,18.94,13.65,14.32,18.22,0.82,16,,,,,,,,,,,,100,43,81,15,4,,,,0,3,4,0,0,8,0,15,0,4,0,10,64,2,40,1,29,3,2,0,100,4,Any,
Hannah,Trenoweth,F,39,Two,,UK,24/08/1998,46,-1,0,59,4.56,2016,2014,0,,0,,0,0,9.27,7.5,15.67,8.79,11.74,9.47,12.62,14.27,14.67,0.73,16,,,,,,,,,,,,26,51,81,0,4,,,,1,2,7,0,0,0,0,10,0,2,5,0,19,2,20,6,28,2,2,0,100,2.888888889,Any,
Niklas,Wuelfrath,M,39,Reserve,,Germany,24/06/1992,38; 56; 165,-1,0,82,2.89,2016,2014,0,,0,,0,0.75,8.05,6.79,7.26,10.51,9.93,12.08,12.08,11.44,10.86,0.71,16,,,,,,,,,,,,100,70,81,20,4,,,,0,5,7,1,0,0,0,8,0,4,9,9,12,2,30,3,28,2,3,0,100,2.472222222,GTSeries; EnduranceSeries,
Dagur,Stefánsson,M,40,Equal,,Iceland,26/08/1998,51; 69; 6,-1,0,66,6.67,2016,2015,0,,0,,0,0,9.71,14.15,17.29,9.04,12.9,16.42,12.74,13.14,14.61,0.83,16,,,,,,,,,,,,26,65,81,23,4,,,,1,6,0,0,0,2,0,16,0,10,9,9,68,2,20,4,30,2,1,0,100,3.333333333,GTSeries; EnduranceSeries,
Santo,Parisi,M,40,Equal,,Italy,16/02/1990,42; 44; 49,-1,0,72,8.33,2016,2015,0,,0,,0,0,11.85,10.74,15.89,14.4,17.11,15.41,15.83,14.82,15.95,0.91,16,,,,,,,,,,,,100,48,81,43,4,,,,3,3,9,1,0,7,0,3,0,4,0,3,11,2,40,2,31,3,2,0,100,3.666666667,GTSeries; EnduranceSeries,
Gaspar,Fuentes,M,40,Reserve,,Spain,17/03/1993,131; 48; 49,-1,0,70,4,2016,2015,0,,0,,0,0,14.02,13.11,14.35,15.83,2.03,3.66,10.76,8.84,16.4,0.46,16,,,,,,,,,,,,100,51,81,20,4,,,,0,3,1,0,0,0,0,8,0,5,3,10,79,2,11,3,31,2,1,0,100,2.75,GTSeries,
Cristina,Capello,F,41,Equal,,Italy,10/02/1979,132; 27; 77,-1,0,65,4.89,2016,2015,0,,0,,0,0,17.05,17.07,5.08,13.07,11.64,11.34,10.78,7.16,13.81,0.93,16,,,,,,,,,,,,100,50,81,0,4,,,,5,6,7,1,0,0,0,7,0,10,8,0,98,2,50,3,31,2,1,0,100,2.972222222,Any,
Gary,Edwards,M,41,Equal,,UnitedStates,30/06/1980,261; 67; 51; 230,-1,0,68,4.44,2016,2014,0,,0,,0,0,16.86,8,8.25,15.66,10.84,11.5,4.72,11.28,15.89,0.42,16,,,,,,,,,,,,100,54,81,0,4,,,,3,4,7,0,0,4,0,2,0,7,3,7,100,2,50,4,33,1,1,0,100,2.861111111,Any,
Gregorio,Suero,M,41,Reserve,,Spain,30/09/1990,24; 233,-1,0,75,2,2017,2015,0,,0,,0,0,9.75,10.34,11.86,6.94,9.09,9.11,7.66,12.47,3.78,0.52,16,,,,,,,,,,,,100,54,81,16,4,,,,1,4,9,0,0,0,0,11,0,8,1,6,45,2,20,3,28,2,1,0,100,2.25,Any,
Lars,Ohlin,M,42,One,,Sweden,30/06/1980,263; 278,0,0,70,9.58,2016,2015,0.06,3,0.06,1,0,0,18.39,6.5,17.58,18.07,17.26,11.88,16.69,17.44,17.19,0.7,16,,,,,,,,,,,,100,59,81,0,4,,,,1,5,8,0,0,0,0,0,0,9,3,1,8,2,65,1,37,3,5,100,100,3.916666667,GTSeries,
Barnaby,White,M,42,Two,,UK,22/09/1992,13; 40,1,0,69,4.44,2018,2016,,,,,,0,16.67,11.58,6.95,13.43,6.89,9.1,6.12,15.98,16.28,0.81,16,,,,,,,,,,,,85,50,81,45,4,,,,1,3,8,0,0,0,0,8,0,9,7,3,47,2,80,2,28,2,1,0,100,2.861111111,Any,
Calvin,Griffin,M,42,Reserve,,UnitedStates,21/10/1995,45; 43; 229,1,0,64,0.96,2017,2015,0,,0,,0,0,9.94,3.45,9.52,6.28,4.75,3.37,6.58,13.29,11.82,0.66,16,,,,,,,,,,,,100,47,81,29,4,,,,3,1,9,0,0,0,0,7,0,0,9,6,22,2,37,3,27,1,1,0,100,1.916666667,GTSeries,
Sally,Higgins,F,43,Two,,UnitedStates,09/04/1982,54;  229,1,0,63,5.42,2016,2015,0,,0,,0,0,13.76,3,15.61,9.08,17.47,15.82,13.31,9.29,13.66,0.53,16,,,,,,,,,,,,100,57,81,0,4,,,,4,5,6,0,0,0,0,9,0,8,6,5,26,2,50,3,31,2,1,0,100,3.083333333,GTSeries,
Asta,Landvik,F,43,One,,Norway,16/04/1981,130; 128; 64,0,0,60,8.75,2017,2015,0.06,3,0.06,1,0,0,13.22,17.86,16.94,6.91,17.05,16.04,15.63,13.19,18.16,0.9,16,,,,,,,,,,,,100,66,81,0,4,,,,0,1,7,1,0,1,0,4,0,10,2,6,75,2,50,3,34,3,5,100,100,3.75,Any,
Bjørn,Bjelland,M,43,Reserve,,Norway,24/09/1985,59; 292; 165,1,0,74,0.32,2016,2015,0,,0,,0,1.5,1.4,1.77,1.4,1.47,4.09,3.98,1.6,3.72,0.57,0.83,58,,,,,,,,,,,,100,52,5,38,4,,,,1,0,6,0,0,3,0,12,0,5,3,9,100,1,100,2,32,1,1,0,100,0.555555556,GTSeries,
Nabil,Vercruysse,M,44,Equal,,Belgium,05/12/1989,67; 40,1,0,68,8.89,2018,2016,0,,0,,0,0,13.18,12.71,18.8,15.4,17.89,15.97,7,18.09,16.96,0.78,16,,,,,,,,,,,,100,38,81,18,4,,,,2,4,5,0,0,0,0,13,0,9,10,4,26,2,15,2,30,2,1,0,100,3.777777778,Any,
Yang,Lei,F,44,Equal,,China,31/12/1987,66; 52; 227,-1,0,66,8.06,2017,2015,0,,0,,0,0,15.19,18.75,4.45,8.21,16.5,14.9,17.6,16.32,18.08,0.4,16,,,,,,,,,,,,100,61,81,12,4,,,,0,6,9,1,0,0,0,5,0,3,7,5,70,2,35,3,30,2,1,0,100,3.611111111,GTSeries,
Jakob,Võsu,M,44,Reserve,,Estonia,12/03/1992,291; 261; 165,-1,0,63,1.33,2017,2015,0,,0,,0,0.65,8.37,1.74,14.82,6.2,6.47,9.94,11.57,11.74,4.15,0.88,16,,,,,,,,,,,,100,48,81,38,4,,,,1,6,4,0,0,0,0,6,0,5,4,5,47,2,35,2,31,2,1,0,100,2.083333333,GTSeries,
Mitsuki,Naito,M,45,Equal,,Japan,01/02/1996,8; 6; 284,-1,0,70,7.5,2016,2015,0,,0,,0,0,12.84,12.59,12.08,17.08,10.27,14.95,14.59,12.27,19.33,0.56,16,,,,,,,,,,,,100,63,81,1,4,,,,2,5,8,0,0,4,0,11,0,5,8,8,67,2,30,3,30,1,1,0,100,3.5,GTSeries,
Kyuichi,Okimoto,M,45,Equal,,Japan,16/06/1989,36; 47,-1,0,72,7.36,2016,2015,0,,0,,0,0,17.12,15.57,14.85,18.34,7.72,15.36,15.13,4.72,16.19,0.93,16,,,,,,,,,,,,100,44,81,18,4,,,,0,4,6,0,0,0,0,16,0,7,5,0,33,2,22,2,28,2,1,0,100,3.472222222,GTSeries,
Wakana,Omura,F,45,Reserve,,Japan,16/01/1994,45; 165,-1,0,70,5.42,2017,2015,0,,0,,0,2.25,11.5,12.94,7.55,14.29,6.2,10.93,16.52,13.25,17.82,0.56,16,,,,,,,,,,,,100,47,81,14,4,,,,5,4,11,0,0,7,0,14,0,9,8,7,52,2,20,2,28,2,1,0,100,3.083333333,Any,
Teuvo,Partanen,M,46,Equal,,Finland,08/01/1996,286; 287; 44; 165,1,0,72,8.06,2017,2015,0,,0,,0,1,15,17.02,15.88,4.21,14.96,17.78,18.01,11.46,15.68,0.6,16,,,,,,,,,,,,100,47,81,12,4,,,,2,5,7,1,0,0,0,7,0,5,4,5,63,2,25,3,30,2,1,0,100,3.611111111,GTSeries,
Luca,Gatto,M,46,Equal,,Italy,27/04/1982,54; 297,-1,0,70,4.22,2017,2015,0,,0,,0,0,8.7,16.13,4.88,5.13,14.83,17.13,8.46,16.83,8.91,0.66,53,,,,,,,,,,,,100,65,31,3,5,,,,0,3,8,1,0,8,0,7,0,1,7,1,38,3,50,1,31,1,1,0,100,2.805555556,Any,
Chris,Cannon,M,46,Reserve,,UnitedStates,29/09/1989,47; 50;229,-1,0,68,1.22,2016,2015,0,,0,,0,0,9.5,1,12.52,11.45,2.92,5.56,10.59,11.09,9.37,0.42,16,,,,,,,,,,,,100,47,81,12,4,,,,1,2,7,0,0,0,0,0,0,5,6,9,21,2,44,2,31,2,1,0,100,2.055555556,Any,
Nina,Cellier,F,47,One,,France,07/07/1997,55,-1,0,63,4.11,2018,2016,0,,0,,0,0,9.04,15.24,1.32,14,10.18,14.69,10.66,11.57,13.3,0.85,16,,,,,,,,,,,,37,59,81,0,4,,,,0,2,0,0,0,5,0,3,0,0,5,6,56,2,18,3,32,3,1,0,100,2.777777778,GTSeries,
Alexia,Pernet,F,47,Two,,France,30/06/1997,47; 50,0,0,60,4.11,2018,2016,0,,0,,0,0,8.93,14.78,14.37,4.14,14.77,9.04,12.49,8.98,12.5,0.65,16,,,,,,,,,,,,37,50,81,35,4,,,,0,3,1,2,1,2,0,4,0,0,9,6,4,2,30,3,26,2,1,0,100,2.777777778,GTSeries,
Nevada,Mellado,M,47,Reserve,,Venezuela,16/10/1995,37; 165; 229,-1,0,71,0.53,2016,2015,0,,0,,0,1.75,1.4,0.95,4.04,1.52,2.5,5.58,8.44,7.3,6.27,0.64,16,,,,,,,,,,,,100,44,81,0,4,,,,4,2,6,0,0,0,0,4,0,3,4,8,79,2,50,3,35,2,1,0,100,1.055555556,GTSeries,
Bindo,Giuliani,M,48,Equal,,Italy,07/09/1994,73; 64; 24,-1,0,68,6.67,2018,2016,0,,0,,0,0,14.87,10.72,17.9,14.38,17.02,12.1,3.35,13.9,15.76,0.91,16,,,,,,,,,,,,65,54,81,38,4,,,,4,5,7,0,0,6,0,6,0,0,6,2,88,2,20,3,33,2,1,0,100,3.333333333,Any,
Joe,Norris,M,48,Equal,,UK,11/04/1992,16; 286,-1,0,56,1.22,2018,2016,0,,0,,0,0,8.99,5.17,4.25,12.33,7.28,9.58,9,12.66,4.74,0.46,16,,,,,,,,,,,,89,42,81,39,4,,,,0,2,4,0,0,0,0,7,0,1,5,5,5,2,65,3,30,1,1,0,100,2.055555556,Any,
Leonzio,Fara,M,48,Reserve,,Italy,13/01/1997,46; 65; 165,-1,0,68,0.76,2018,2016,0,,0,,0,0.5,3.57,3.35,4.55,4.95,1.66,6.29,9.54,15.95,5.14,0.49,16,,,,,,,,,,,,41,61,81,45,4,,,,2,5,4,1,0,0,0,12,0,8,3,9,40,2,10,3,29,2,1,0,100,1.527777778,GTSeries; EnduranceSeries,
Cora,Alo,F,49,Equal,,Italy,28/05/1985,320,-1,0,66,2.44,2016,2015,0,,0,,0,0,10.46,11.81,4.13,2.35,3.41,12.52,11.71,16.58,12.03,0.83,16,,,,,,,,,,,,100,60,81,12,4,,,,1,5,6,0,1,6,0,4,0,0,4,2,69,2,42,1,37,2,1,0,100,2.361111111,Any,
Goa,Minzhe,M,49,Equal,,HongKong,10/12/1995,82; 19; 165,1,0,64,3.89,2017,2016,0,,0,,0,0.75,8.11,8.93,15.77,14.98,11.79,8.28,10.09,10.85,9.2,0.57,16,,,,,,,,,,,,52,46,81,5,4,,,,2,5,7,0,0,0,0,2,0,8,10,7,97,2,60,2,26,2,1,0,100,2.722222222,GTSeries,
Eliina,Soininen,F,49,Reserve,,Finland,11/09/1986,38; 56; 164,-1,0,63,4.22,2017,2015,0,,0,,0,0,12.17,4.67,18.11,6.52,2.76,15.08,10.1,16.33,15.26,0.42,16,,,,,,,,,,,,100,67,81,27,4,,,,0,4,4,0,0,4,0,4,0,8,7,0,22,2,30,2,33,2,1,0,100,2.805555556,Any,
Vanessa,Silveira,F,50,Equal,,Spain,19/09/1998,51; 70,-1,0,60,2.33,2016,2015,0,,0,,0,0,9.2,8.45,7.12,4.81,10.98,12.61,7.9,12.3,10.63,0.46,16,,,,,,,,,,,,24,52,81,30,4,,,,0,1,9,0,0,0,0,10,0,3,2,3,19,2,13,1,30,3,2,0,100,2.333333333,Any,
William,Channon,M,50,Equal,,France,18/07/1991,67; 165; 186,-1,0,78,2.44,2017,2015,0,,0,,0,1.5,9.83,7.15,16.8,9.88,12.77,4.44,14.18,8.76,1.19,0.75,16,,,,,,,,,,,,100,48,81,24,4,,,,1,5,7,2,1,0,0,0,0,7,1,10,16,2,45,2,30,2,1,0,100,2.361111111,Any,
Daisy,Parker,F,50,Reserve,,UK,12/11/1988,129; 44,-1,0,61,2.33,2017,2015,0,,0,,0,0,16.38,0.91,1.21,14.63,15.69,4.4,6.05,14.87,9.86,0.86,16,,,,,,,,,,,,100,50,81,0,4,,,,0,5,7,0,0,0,0,10,0,3,9,2,1,2,38,1,32,2,2,0,100,2.333333333,GTSeries; EnduranceSeries,
Hal,Wilson,M,51,Equal,,UK,22/03/1992,73; 69,-1,0,80,1.44,2017,2015,0,,0,,0,0,8.12,12.4,7.3,7.5,8.24,1.9,14.5,12.2,3.8,0.45,98,,,,,,,,,,,,100,67,13,35,3,,,,0,3,2,1,0,1,0,4,0,10,1,1,54,2,110,1,30,2,1,0,100,2.11,Any,
Phillip,Taylor,M,51,Equal,,UnitedStates,02/04/1989,38; 284; 165,-1,0,74,1.33,2016,2015,0,,0,,0,0.15,6.14,6.13,17.23,16.43,6.88,4.45,5.5,3.8,8.45,0.62,98,,,,,,,,,,,,100,57,13,0,3,,,,2,3,4,1,0,1,0,4,0,10,1,1,28,2,90,1,32,2,1,0,100,2.083611111,Any,
Konstantin,Ivanov,M,51,Reserve,,RussianFederation,03/05/1987,4; 290,-1,0,67,0.42,2016,2015,0,,0,,0,0,4.12,4.35,1.68,1.85,1.08,2.06,3.93,6.26,3.67,0.84,98,,,,,,,,,,,,100,42,13,10,3,,,,1,2,6,0,0,1,0,4,0,10,1,1,45,2,90,1,31,2,2,0,100,0.805555556,Any,
Victor,Cazacu,M,52,One,1,Romania,05/09/1984,4; 165,-1,0,67,4.93,2016,2015,0,,0,,0,0.25,18.65,8.86,18.47,16.7,14.48,18.26,19.75,7.89,19.94,0.71,16,,,,,,,,,,,,100,56,81,0,2,,,,2,2,1,0,0,0,0,8,0,4,7,0,90,2,10,4,26,1,1,0,100,3.972222222,SingleSeaterSeries; EnduranceSeries,
Lucy,Lavoie,F,52,One,1,Canada,06/09/1993,49; 120; 291,1,0,59,7.08,2018,2015,0.2,1,0.2,1,0,0,19.01,17.24,19.4,17.9,19.61,14.74,18.28,14.18,18.64,0.47,16,,,,,,,,,,,,100,100,81,24,2,,,,2,2,6,0,0,0,0,12,0,4,9,8,50,2,78,3,28,2,1,0,100,4.416666667,EnduranceSeries,
Millie,Davis,F,52,Equal,1,Canada,21/10/1995,234; 32,-1,0,60,2,2016,2015,0,,0,,0,0,11.8,17.37,16.3,6.5,8.81,8.11,12.57,1.88,15.66,0.43,16,,,,,,,,,,,,100,59,81,22,4,,,,1,1,0,0,0,0,0,6,0,4,9,9,89,2,26,3,30,1,2,0,100,2.75,Any,
Roger,Taylor,M,52,Equal,2,NewZealand,12/06/1995,15,-1,0,62,3.71,2017,2015,0,,0,,0,0,11.7,9.45,9.2,14.6,17.53,14.27,12.54,16.89,19.2,0.53,16,,,,,,,,,,,,100,43,81,34,2,,,,1,7,8,1,0,8,0,6,0,4,9,9,89,2,26,3,30,2,2,0,100,3.482777778,EnduranceSeries,
Dirk,Lehmann,M,52,Two,2,Germany,14/03/1988,42; 279,-1,0,65,3.62,2016,2015,0,,0,,0,0,13.8,18.8,17.3,19.5,17.81,14.11,7.57,5.88,9.4,0.4,16,,,,,,,,,,,,100,46,81,0,2,,,,0,5,0,0,0,5,0,6,0,4,9,9,89,2,26,3,33,1,1,0,100,3.449166667,EnduranceSeries,
Bruce,Mayer,M,52,Two,2,Australia,27/08/1979,2; 33,-1,0,57,3.05,2016,2015,0,,0,,0,0,8.8,12.7,11.5,14.5,9.81,17.11,14.57,16.32,10.66,0.45,16,,,,,,,,,,,,100,57,81,10,3,,,,1,4,9,0,0,1,0,6,0,4,9,9,89,2,26,3,33,1,2,0,100,3.221388889,SingleSeaterSeries; EnduranceSeries,
Olga,Makarova,F,53,Equal,1,RussianFederation,02/10/1996,40; 24; 6; 54,-1,0,67,3.33,2018,2015,0,,0,,0,0,15.58,13.74,5.42,13.93,14.08,14.01,18.49,10.06,14.69,0.92,16,,,,,,,,,,,,83,57,81,52,4,,,,0,4,0,0,0,7,0,12,0,2,9,1,64,2,35,6,29,2,1,0,100,3.333333333,Any,
Abasin,Dhillon,M,53,One,1,Pakistan,11/03/1988,63,-1,0,62,5.69,2017,2015,0.1,3,0.1,3,0,0,17.07,14.82,19.54,9.53,16.15,17.04,18.48,16.87,19.5,0.46,16,,,,,,,,,,,,100,35,81,0,3,,,,3,7,3,1,0,7,0,6,0,10,10,3,46,2,20,1,30,3,1,0,100,4.138888889,EnduranceSeries,
Genki,Kawashima,M,53,One,1,Japan,03/05/1986,262; 291; 313,-1,0,59,4.7,2017,2015,0.1,1,0.1,1,0,0,18.07,17.82,16.54,19.51,8.75,16.04,17.63,14.96,10.43,0.93,16,,,,,,,,,,,,100,64,81,0,2,,,,3,3,9,0,0,0,0,6,0,10,10,3,46,2,20,1,30,3,1,0,100,3.881944444,Any,
Kiyoshi,Hiraoka,F,53,Two,2,Japan,11/01/1985,41; 52,-1,0,55,2.25,2016,2015,0,,0,,0,0,12.01,15.52,10.87,17.96,5.37,10.77,14.61,9.32,7.14,0.67,16,,,,,,,,,,,,100,55,81,10,3,,,,2,1,9,0,0,0,0,13,0,6,8,8,78,2,20,3,29,2,2,0,100,2.876944444,Any,
David,Arnet,M,53,Two,2,Switzerland,31/10/1988,42; 287,-1,0,57,2.96,2016,2015,0,,0,,0,0,14.13,9.9,17.53,12.39,14.26,12.4,8.61,12.32,13.14,0.4,16,,,,,,,,,,,,100,62,81,15,3,,,,0,5,7,0,0,1,0,13,0,6,8,8,78,2,20,2,29,2,2,0,100,3.185555556,SingleSeaterSeries; EnduranceSeries,
Kathrina,Gruber,F,53,Two,2,Austria,15/02/1978,26; 284,-1,0,57,3.3,2016,2015,0,,0,,0,0,16.11,17.5,19.2,8.8,12.4,8.8,12.61,20,4.14,0.6,16,,,,,,,,,,,,100,45,81,5,4,,,,1,3,6,0,0,0,0,13,0,6,8,8,78,2,20,3,34,2,2,0,100,3.321111111,EnduranceSeries,
Diana,Bovino,F,54,Equal,1,Italy,19/08/1984,45; 52,-1,0,62,3.79,2016,2015,0,,0,,0,0,17.46,17.32,8.59,16,8.57,14.8,16.3,10.4,17.15,0.74,16,,,,,,,,,,,,100,47,81,25,4,,,,5,3,7,0,0,0,0,4,0,4,5,5,36,2,40,2,29,2,1,0,100,3.516388889,Any,
Oddvar,Wigdahl,M,54,One,1,Norway,02/10/1992,130; 53,-1,0,63,5.14,2017,2015,0.1,2,0.1,2,0,0,16.64,19.02,7.95,14.5,16.99,19.64,15.41,16.5,18.35,0.4,16,,,,,,,,,,,,100,63,81,8,2,,,,0,5,1,0,0,0,0,4,0,7,0,6,45,2,45,3,33,1,3,0,100,4.027777778,EnduranceSeries,
Zoja,Udris,F,54,Equal,1,Latvia,14/11/1992,66; 55,1,0,56,4.24,2016,2015,0,,0,,0,0,14.66,16.52,8.21,14.18,15.22,17.92,17.03,11.94,17.32,0.92,16,,,,,,,,,,,,100,35,81,30,2,,,,1,1,2,0,0,0,0,11,0,1,1,6,42,2,34,3,29,2,1,0,100,3.694444444,Any,
Oliver,Möller,M,54,Equal,2,Germany,14/02/1997,289,-1,0,63,2.51,2017,2015,0,,0,,0,0,13.8,14.8,10.3,12.5,12.81,16.11,14.57,8.88,4.4,0.7,16,,,,,,,,,,,,72,54,81,32,4,,,,3,3,11,0,0,5,0,6,0,4,9,9,89,2,70,1,29,1,1,0,100,3.004722222,Any,
Linda,Lorenz,F,54,Equal,2,Germany,01/03/1998,297; 263,-1,0,57,4.01,2017,2015,0,,0,,0,0,19.8,7.8,8.3,13.5,15.81,17.11,15.2,14.88,17.4,0.42,16,,,,,,,,,,,,40,55,81,35,2,,,,1,3,6,0,0,7,0,6,0,4,9,9,89,2,65,1,33,1,1,0,100,3.605555556,Any,
Pauline,Ballack,F,54,Two,2,Austria,06/02/1995,286,-1,0,60,0.82,2016,2015,0,,0,,0,0,5.9,4.9,12.1,11.5,12.81,12.11,6.2,4.88,7.4,0.73,16,,,,,,,,,,,,100,30,81,43,3,,,,5,0,10,1,0,0,0,6,0,4,9,9,89,2,160,2,30,1,1,0,100,2.161111111,EnduranceSeries; GTSeries,
Iris,Sundin,F,55,One,1,Sweden,05/10/1987,129; 41,-1,0,70,5.13,2018,2015,0.06,3,0.06,3,0,0,14.71,15.61,15.29,13.69,15.52,19.8,15.25,16.9,18.19,0.93,16,,,,,,,,,,,,100,48,81,20,3,,,,2,4,2,0,0,0,0,9,0,6,2,10,77,2,49,3,32,2,1,0,100,4.026666667,SingleSeaterSeries; EnduranceSeries,
So,Jung,M,55,Equal,1,SouthKorea,07/04/1982,15; 80,-1,0,64,4.38,2016,2015,0,,0,,0,0,11.42,14.76,9.62,19.59,19.49,12.47,11.66,18.23,17.76,0.85,16,,,,,,,,,,,,100,62,81,10,3,,,,1,5,7,0,0,0,0,14,0,3,6,7,62,2,48,2,33,1,1,0,100,3.75,Any,
Tsoi,Xiaojing,F,55,Equal,1,HongKong,25/04/1994,59; 291,-1,0,67,3.13,2018,2015,0,,0,,0,0,8.43,9.06,9.39,18.08,17.76,9.79,15.98,12.7,15.81,0.73,16,,,,,,,,,,,,100,48,81,36,2,,,,0,5,9,4,0,0,0,6,0,7,4,0,51,2,39,1,28,2,2,0,100,3.25,Any,
Paul,Tolisso,M,55,Equal,2,France,08/01/1994,165,-1,0,64,1.99,2016,2015,0,,0,,0,5.5,7.9,9.9,8.1,6.5,15.81,11.11,16.2,6.88,16.4,0.84,16,,,,,,,,,,,,100,41,81,43,2,,,,1,1,0,0,0,0,0,6,0,4,9,9,89,2,36,3,33,1,1,0,100,2.744444444,Any,
Patryk,Dronia,M,55,Equal,2,Poland,14/12/1993,290,-1,0,64,2.21,2017,2015,0,,0,,0,0,4.7,11.4,6.78,8.25,12.66,11.11,18.2,12.5,17.25,0.58,16,,,,,,,,,,,,100,44,81,35,2,,,,2,6,5,0,0,3,0,6,0,4,9,9,89,2,26,1,30,1,1,0,100,2.856944444,Any,
Mathilde,Noir,F,55,Equal,2,France,17/09/1996,313,-1,0,66,3.32,2016,2015,0,,0,,0,0.5,12.2,12,17.4,14.9,13.8,15.8,16.4,7.2,10.1,0.79,16,,,,,,,,,,,,84,80,81,30,2,,,,2,5,3,1,0,0,0,7,0,3,4,7,43,2,36,3,29,1,1,0,100,3.327777778,Any,
Chun,Ae,F,56,Equal,1,SouthKorea,02/11/1994,80; 287,-1,0,56,0.78,2016,2015,0,,0,,0,0,7.43,2.06,10.39,15.08,7.76,1.9,5,12.7,14.81,0.55,16,,,,,,,,,,,,100,37,81,45,3,,,,0,4,2,2,0,0,0,6,0,7,4,0,44,2,58,1,30,1,3,0,100,2.1425,Any,
Renée,Côté,F,56,Equal,1,Canada,02/01/1996,8,-1,0,64,1.61,2017,2015,0,,0,,0,5.25,2.9,1.73,19.12,14.56,5.19,13.29,13.16,11.94,10.11,0.48,16,,,,,,,,,,,,100,38,81,50,4,,,,1,1,8,0,0,0,0,10,0,6,6,6,11,2,35,3,28,2,1,0,100,2.555555556,SingleSeaterSeries; EnduranceSeries,
Carlos,Pinho,M,56,Equal,1,Brazil,18/11/1988,54; 232; 290,-1,0,60,2.99,2017,2015,0,,0,,0,0,9.93,12.19,9.85,17.55,15.74,9.47,17.43,10.29,12.55,0.92,16,,,,,,,,,,,,100,36,81,17,2,,,,2,6,9,0,0,0,0,15,0,8,0,10,45,2,30,4,27,1,1,0,100,3.194444444,Any,
Jente,Vancluysen,M,56,Equal,2,Belgium,03/05/1996,33; 50; 52,-1,0,69,3.77,2018,2015,0,,0,,0,0,8.88,11.67,14.63,9.78,14.47,17.54,19.1,12.6,17.63,0.84,16,,,,,,,,,,,,95,57,81,28,4,,,,1,3,2,0,0,7,0,9,0,8,0,10,23,2,41,3,28,1,1,0,100,3.508333333,EnduranceSeries,
Jesus,Teixeira,M,56,Equal,2,Mexico,25/08/1984,88; 165; 278,-1,0,56,2.68,2016,2015,0,,0,,0,0,13.9,13.65,8.7,15.36,8.95,10.35,9.8,18.6,11.23,0.77,16,,,,,,,,,,,,100,62,81,17,3,,,,3,6,9,1,0,7,0,15,0,8,0,10,95,2,30,1,32,1,1,0,100,3.070555556,Any,
Brigitte,Gaubert,F,56,Equal,2,France,17/03/1998,36; 42,-1,0,59,3.19,2017,2015,0,,0,,0,0,10.18,10.86,14.8,11.23,11.75,15.32,17.32,12.4,14.03,0.65,16,,,,,,,,,,,,39,63,81,45,2,,,,1,3,6,0,0,0,0,9,0,8,0,10,43,2,62,5,27,1,1,0,100,3.274722222,Any,
Raquel,Peres,F,57,Equal,1,Brazil,15/05/1992,17; 22; 231,-1,0,70,4.44,2017,2015,0,,0,,0,0,19.63,15.07,11.43,19.05,9.72,16.96,12.32,17.21,14.61,0.87,16,,,,,,,,,,,,100,52,81,15,4,,,,1,6,8,1,0,0,0,14,0,2,7,0,5,2,30,1,31,2,3,0,100,3.777777778,Any,
Ivone,Fonseca,F,57,Equal,1,Brazil,30/11/1990,18; 47; 231,-1,0,62,3.75,2017,2015,0,,0,,0,0,17.14,12.82,9.47,17.85,8.37,13.76,15.62,14.28,16.69,0.41,16,,,,,,,,,,,,100,58,81,24,2,,,,4,5,8,1,0,0,0,5,0,2,0,3,66,2,20,3,30,2,1,0,100,3.5,Any,
Ling,Dèng,M,57,Equal,1,China,18/04/1995,41,-1,0,63,3.19,2017,2015,0,,0,,0,0,16.93,16.49,4.85,15.61,13.17,12.13,11.96,12.97,13.89,0.73,16,,,,,,,,,,,,100,45,81,26,2,,,,3,3,6,0,0,0,0,12,0,9,8,1,41,2,68,1,27,2,1,0,100,3.277777778,Any,
Logan,Richards,M,57,Equal,2,UK,23/11/1976,31; 54,-1,0,67,3.25,2016,2015,0,,0,,0,0,18.56,19.01,14.3,18.12,8.2,10.36,8.33,11.85,10.01,0.43,16,,,,,,,,,,,,100,58,81,5,4,,,,1,6,0,1,0,0,0,10,0,6,6,6,43,2,35,2,29,2,1,0,100,3.298333333,Any,
Blake,Edwards,M,57,Equal,2,UK,21/02/1975,34; 45,-1,0,55,4.03,2016,2015,0,,0,,0,0,15.8,14.75,15.33,14.62,14.63,13.89,12.05,15.36,13.65,0.55,16,,,,,,,,,,,,100,47,81,5,3,,,,1,2,0,1,0,0,0,10,0,6,6,6,40,2,35,3,29,2,1,0,100,3.613333333,Any,
Brad,Walker,M,57,Equal,2,Canada,29/10/1998,77; 83; 65,-1,0,66,2.52,2016,2015,0,,0,,0,0,12.72,11.62,10.21,12.93,13.66,11.13,16.36,9.89,9.8,0.47,16,,,,,,,,,,,,21,41,81,32,2,,,,1,4,3,0,0,0,0,11,0,6,3,1,35,2,68,1,28,2,1,0,100,3.008888889,Any,
Janko,Kujović,M,58,One,1,Montenegro,04/01/1992,66,-1,0,70,4.04,2018,2015,0.06,1,0.06,1,0,0,16,14.85,14.22,18.45,8.96,9.18,17.4,12.52,18.62,0.4,16,,,,,,,,,,,,100,43,81,26,4,,,,5,3,7,0,0,3,0,11,0,8,4,0,35,2,40,3,29,1,1,0,100,3.616666667,Any,
Pepita,Gaspar,F,58,Equal,1,Mexico,16/02/1990,40; 14; 229,-1,0,64,3.13,2016,2014,0,,0,,0,0,9.38,2.36,15.15,12.53,12.71,13.01,16.76,17.15,17.95,0.77,16,,,,,,,,,,,,100,44,81,0,2,,,,2,4,7,0,0,0,0,16,0,0,3,4,46,2,60,1,30,2,2,0,100,3.25,EnduranceSeries,
Elisa,Kahl,F,58,Equal,1,Austria,25/09/1998,36; 81,-1,0,70,3.61,2017,2015,0,,0,,0,0,10.19,12.08,17.82,8.41,19.27,15.04,8.79,17.52,14.88,0.8,16,,,,,,,,,,,,23,52,81,0,4,,,,1,4,8,1,0,8,0,16,0,8,1,1,58,2,95,1,28,2,2,0,100,3.444444444,Any,
Remo,Zuber,M,58,Equal,2,Switzerland,05/02/1994,233; 262,-1,0,68,2.46,2018,2015,0,,0,,0,0,12.77,11.58,10.4,9.88,7.45,15.85,14.12,14.56,10.7,0.79,16,,,,,,,,,,,,100,56,81,32,2,,,,5,6,7,0,0,0,0,11,0,8,4,0,10,2,40,3,29,1,1,0,100,2.980833333,Any,
Callie,McCabe,F,58,Equal,2,Ireland,02/01/1991,8,-1,0,63,1.17,2018,2015,0,,0,,0,0,7.45,10.4,9.22,10,11.44,6.41,10.42,5.88,12.78,0.76,16,,,,,,,,,,,,100,45,81,12,2,,,,1,2,0,0,0,0,0,11,0,8,4,0,69,2,40,3,29,1,1,0,100,2.333333333,Any,
Rolf,Richter,M,58,Equal,2,Germany,10/05/1980,66; 126,-1,0,61,3.88,2016,2015,0,,0,,0,1.25,14.45,17.8,6.56,19.5,13.45,8.8,12.45,15.1,19.8,0.45,16,,,,,,,,,,,,100,46,81,12,2,,,,0,5,1,0,0,6,0,11,0,8,4,0,18,2,40,3,34,1,1,0,100,3.553055556,Any,
Mei,Hu,F,59,Equal,1,China,10/02/1998,1;207,-1,0,57,3.82,2018,2015,0,,0,,0,0,8.91,14.21,18.91,4.3,16.79,12.44,17.26,15.62,18.56,0.44,16,,,,,,,,,,,,42,44,81,23,4,,,,2,4,6,1,0,0,0,16,0,5,6,5,84,2,12,1,31,3,3,0,100,3.527777778,Any,
Valburga,Kumar,F,59,One,1,Slovenia,06/12/1987,34,1,0,62,2.99,2017,2015,0,,0,,0,0,11.89,12.94,18.06,6.05,18.28,11.26,12.15,9.64,14.73,0.61,16,,,,,,,,,,,,100,52,81,0,4,,,,0,6,2,0,0,0,0,4,0,8,3,7,14,2,34,2,33,2,4,0,100,3.194444444,Any,
Cyril,Boissieu,M,59,Equal,1,France,09/05/1998,42; 49; 165,-1,0,55,2.57,2017,2015,0,,0,,0,8.9,11.54,12.01,15.43,6.77,17.35,12.04,5.94,14.69,13.23,0.46,16,,,,,,,,,,,,35,61,81,35,4,,,,0,6,3,0,0,0,0,0,0,5,8,7,65,2,8,3,32,2,2,0,100,3.027777778,EnduranceSeries,
Gao,Hanwen,M,59,Equal,2,China,15/11/1989,204; 297,-1,0,59,3.39,2017,2015,0,,0,,0,0,17.56,12.45,14.56,12.33,8.56,7.22,19.5,10.45,18.24,0.4,16,,,,,,,,,,,,100,38,81,23,4,,,,0,5,7,0,0,6,0,16,0,5,6,5,67,2,12,1,31,3,3,0,100,3.3575,Any,
Yasir,Fandi,M,59,Equal,2,Singapore,02/05/1990,165,-1,0,67,2.02,2016,2015,0,,0,,0,2.65,8.25,4.55,12.69,17.56,8.25,10.56,9.88,12.45,15.23,0.63,16,,,,,,,,,,,,100,44,81,23,4,,,,3,3,2,0,0,5,0,16,0,5,6,5,45,2,12,1,31,3,3,0,100,2.761666667,Any,
April,Fawcett,F,59,Equal,2,UnitedStates,19/07/1994,165; 51,-1,0,56,1.34,2016,2015,0,,0,,0,1.5,9.56,10.45,11.55,14.85,9.45,8.44,11.1,2.14,9.65,0.7,16,,,,,,,,,,,,100,39,81,68,4,,,,3,6,7,0,0,2,0,16,0,5,6,5,45,2,12,1,31,3,3,0,100,2.421944444,EnduranceSeries,
Elena,Fedorova,F,60,Equal,1,RussianFederation,05/07/1992,234,-1,0,56,1.98,2017,2015,0,,0,,0,0,12.55,13.8,10.5,6.55,9.88,10.85,17.58,5.88,10.98,0.66,48,,,,,,,,,,,,100,48,5,25,3,,,,0,2,8,0,0,11,0,9,0,10,9,10,43,4,60,3,31,3,2,0,100,2.738055556,Any,
Peter,Wild,M,60,Equal,1,UK,03/02/1993,12; 2,-1,0,56,0.68,2016,2015,0,,0,,0,0,4.37,3.8,14.23,8.59,5.3,9.26,3.76,12.08,13.93,0.91,48,,,,,,,,,,,,100,40,5,25,2,,,,2,1,4,0,0,5,0,9,0,10,9,10,43,4,60,3,31,3,2,0,100,2.092222222,Any,
Akhmet,Dauletev,M,60,Equal,1,Kazakhstan,03/12/1998,66; 70,-1,0,69,2.71,2017,2015,0,,0,,0,0,13.5,11.84,15.92,10.02,9.16,10.91,14.79,9.72,15.14,0.85,16,,,,,,,,,,,,18,52,81,22,4,,,,1,1,5,0,0,0,0,1,0,1,2,9,40,2,30,3,35,2,1,0,100,3.083333333,EnduranceSeries,
Yuri,Sadyrin,M,60,Two,2,RussianFederation,05/07/1987,165,-1,0,68,2.43,2017,2015,0,,0,,0,1,14.58,12.98,18.2,8.45,5.88,4.89,16.55,10.54,14.75,0.55,48,,,,,,,,,,,,100,57,5,10,2,,,,0,2,2,0,0,8,0,9,0,10,9,10,87,4,60,3,34,3,2,0,100,2.967222222,EnduranceSeries,
Ren,Zhizhao,M,60,Equal,2,China,01/06/1988,287,-1,0,64,2.2,2016,2015,0,,0,,0,0,11.5,10.25,12.84,8.99,6.58,18.88,12.58,9.25,11.77,0.48,48,,,,,,,,,,,,100,64,5,0,3,,,,5,6,9,0,0,0,0,9,0,10,9,10,42,4,60,3,34,3,2,0,100,2.851111111,Any,
Arianna,Piccolo,F,60,Two,2,Italy,29/09/1993,118; 48,-1,0,65,0.45,2016,2015,0,,0,,0,0,7.59,6.45,7.85,3.58,1,10.85,17.33,7.23,3,0.72,48,,,,,,,,,,,,100,47,5,25,4,,,,1,3,9,0,0,0,0,10,0,5,7,2,25,4,45,1,32,3,2,0,100,1.802222222,Any,
Semi,Yong,F,61,Equal,1,SouthKorea,02/01/1996,287; 286,-1,0,63,1.2,2018,2015,0,,0,,0,0,7,1,15.92,8.02,6.16,10.91,14.79,9.72,11.14,0.41,16,,,,,,,,,,,,100,62,81,60,4,,,,1,1,5,0,0,0,0,1,0,1,2,9,40,2,45,3,35,2,1,0,100,2.351666667,Any,
Bubba,Jones,M,61,One,1,UnitedStates,25/12/1989,121; 22; 278,-1,0,67,3.31,2016,2015,0.04,3,0.04,3,0,0,8.61,14.71,17.3,19.8,10.28,14.35,18.61,10.81,5.18,0.4,16,,,,,,,,,,,,100,40,81,0,4,,,,0,4,9,1,0,11,0,5,0,9,10,1,53,2,22,2,33,2,2,0,100,3.323611111,SingleSeaterSeries; EnduranceSeries,
Su-ran,Kim,F,61,Equal,1,SouthKorea,15/11/1998,271,-1,0,68,0.85,2018,2015,0,,0,,0,0,4.56,4.8,10.4,9.45,11.5,8.38,8.64,6.26,14.3,0.85,16,,,,,,,,,,,,19,51,81,45,2,,,,2,3,8,0,0,0,0,5,0,3,2,9,52,2,30,2,31,3,5,0,100,2.174722222,Any,
Rolf,Lindroth,M,61,Equal,2,Sweden,18/03/1997,46; 49; 293,-1,0,61,2.57,2016,2015,0,,0,,0,2,6,8.01,16.56,7.95,15.86,14.38,15.64,14.26,10.34,0.41,16,,,,,,,,,,,,69,56,81,28,4,,,,2,3,8,0,0,0,0,5,0,3,2,9,68,2,30,2,31,3,5,0,100,3.027777778,Any,
Shin-wook,Kwon,M,61,Equal,2,SouthKorea,04/06/1994,1; 55,-1,0,67,2.2,2018,2015,0,,0,,0,0,14.15,4.5,12.45,10.02,9.16,7.5,20,9.72,15.14,0.72,16,,,,,,,,,,,,100,47,81,12,2,,,,2,5,5,0,0,0,0,1,0,1,2,9,40,2,30,3,35,2,1,0,100,2.851111111,Any,
Ji-sung,Lee,M,61,Equal,2,SouthKorea,12/10/1995,165; 16,-1,0,61,1.91,2018,2015,0,,0,,0,2,6.85,18.4,5.89,12.4,2.8,6.4,14.8,11.4,18.4,0.7,16,,,,,,,,,,,,100,48,81,18,2,,,,2,3,9,1,0,0,0,1,0,1,2,9,40,2,30,3,35,2,1,0,100,2.703888889,Any,
Zoi,Zerva,F,62,Equal,1,Cyprus,11/01/1997,36; 56,-1,0,61,2.57,2017,2015,0,,0,,0,0,11.89,11.55,9.64,9.35,13.87,15.87,11.34,14.22,11.27,0.53,16,,,,,,,,,,,,74,62,81,22,4,,,,1,2,2,0,0,6,0,6,0,9,3,6,63,2,25,1,26,2,3,0,100,3.027777778,Any,
Claire,Talley,F,62,Equal,1,Canada,28/02/1997,77; 165,-1,0,61,2.22,2018,2015,0,,0,,0,0.5,10.09,8.58,12.96,8.58,10.35,12.08,13.21,15.29,11.86,0.46,16,,,,,,,,,,,,70,60,81,44,4,,,,1,3,7,0,0,0,0,16,0,4,0,6,79,2,55,2,30,2,2,0,100,2.861111111,Any,
Marion,Fournier,F,62,Equal,1,France,14/03/1990,283; 287,-1,0,66,2.57,2017,2015,0,,0,,0,0,14.5,8.2,11.1,15.89,17.59,14.8,9.1,12.48,5.4,0.58,16,,,,,,,,,,,,100,49,81,0,3,,,,1,4,0,0,0,6,0,16,0,4,0,6,79,2,55,2,30,2,2,0,100,3.029444444,EnduranceSeries,
Mike,Adams,M,62,Equal,2,Australia,17/11/1995,4,-1,0,56,2.78,2017,2015,0,,0,,0,0,6.1,12.68,17.11,3.98,13.27,10.63,19.74,17.32,11.17,0.42,16,,,,,,,,,,,,100,60,81,13,3,,,,4,1,7,0,0,0,0,14,0,8,9,9,18,2,86,1,28,3,3,0,100,3.111111111,EnduranceSeries,
Méline,Pires,F,62,Equal,2,France,07/10/1996,165,-1,0,56,0.42,2016,2015,0,,0,,0,2.75,8.2,4.5,6.1,4.24,11,2.1,6.54,8.2,9.23,0.63,16,,,,,,,,,,,,82,39,81,15,2,,,,1,5,5,1,0,0,0,16,0,4,0,6,79,2,55,2,30,2,2,0,100,1.669722222,EnduranceSeries,
Joanne,Coburn,F,62,Equal,2,UK,05/02/1995,165,-1,0,66,0.47,2016,2015,0,,0,,0,1.5,2.3,1,2.45,11.89,4.4,13.26,12.55,9.3,9.89,0.66,16,,,,,,,,,,,,100,62,81,19,2,,,,1,5,6,4,0,8,0,14,0,6,2,6,95,2,55,1,27,2,2,0,100,1.862222222,Any,
Tobias,Wallner,M,63,Equal,1,Austria,22/03/1995,8; 27,-1,0,62,0.89,2016,2015,0,,0,,0,0,7.43,4.94,7.56,5.8,11.63,10.26,12.07,12.44,6.87,0.4,16,,,,,,,,,,,,100,42,81,59,4,,,,0,3,5,0,0,0,0,10,0,8,6,5,13,2,72,3,30,2,3,0,100,2.194444444,EnduranceSeries,
Alex,Baldwin,M,63,Equal,1,UK,11/03/1996,22,-1,0,66,0.49,2016,2015,0,,0,,0,0,4.89,4.02,6.63,12.75,8.23,1.52,9.58,12.8,10.5,0.83,16,,,,,,,,,,,,100,56,81,48,4,,,,1,3,3,1,0,0,0,14,0,6,2,6,66,2,55,1,31,2,5,0,100,1.97,Any,
Daniela,Benítez,F,63,Equal,1,Spain,01/05/1999,20; 278,-1,0,61,2.33,2017,2015,0,,0,,0,0,7.8,6.68,9.34,4.47,15.31,12.22,17.64,12.97,18.57,0.92,16,,,,,,,,,,,,5,46,81,38,2,,,,4,1,9,0,0,0,0,15,0,7,1,5,25,2,30,2,30,2,4,0,100,2.916666667,EnduranceSeries; GTSeries,
Sophie,Harrison,F,63,Equal,2,UK,15/02/1997,73; 291,-1,0,67,0.41,2016,2015,0,,0,,0,0,14.2,4.2,3.8,9.65,4.58,8.25,4.85,6.24,3.74,0.51,16,,,,,,,,,,,,72,65,81,66,3,,,,2,1,1,0,0,8,0,15,0,7,1,5,22,2,66,2,30,2,4,0,100,1.653055556,Any,
Maximilian,Schneider,M,63,Equal,2,Germany,29/01/1997,19,-1,0,69,1.56,2016,2015,0,,0,,0,0,15.57,6.67,4.5,15.17,2.62,12.29,11.08,8.62,14.48,0.4,16,,,,,,,,,,,,73,35,81,22,2,,,,2,5,1,3,0,0,0,9,0,7,1,4,66,2,82,3,27,2,5,0,100,2.527777778,Any,
Sujitra,Kunkorn,F,63,Equal,2,Thailand,17/03/1998,325; 289; 13; 16,-1,0,57,0.41,2016,2015,0.06,3,0.06,3,0,0,3.89,5.22,12.8,7.25,6.85,4.11,11.25,1.24,6.57,0.51,16,,,,,,,,,,,,39,50,81,64,3,,,,4,4,9,2,0,0,0,15,0,7,1,5,44,2,91,2,30,2,4,0,100,1.643888889,EnduranceSeries,
Oronzo,Vial,M,,,,Italy,21/01/1998,6; 41; 78,-1,3,68,,,,,,,,,0,6.19,9.23,8.23,9.15,9.96,16.57,6.15,15.5,16.02,0.7,16,,,,,,,,,,,,31,50,81,20,4,,,,2,2,0,0,1,0,0,2,0,7,1,6,90,2,16,1,26,3,3,0,100,2.694444444,Any,
Axel,Dior,M,,,,France,07/01/1992,12,-1,1,76,,,,,,,,,0,4.37,2.8,10.23,7.58,4.99,2.26,3.76,12.08,3.93,0.4,48,,,,,,,,,,,,92,67,5,25,2,,,,0,2,8,0,0,11,0,9,0,10,9,10,43,4,60,3,31,3,2,0,100,1.444444444,GTSeries,
Markus,Sauerbeck,M,,,,Germany,11/03/1985,9,-1,2,64,,,,,,,,,0,8.91,14.21,18.91,4.3,16.79,12.44,8.26,15.62,16.56,0.79,16,,,,,,,,,,,,100,50,81,13,4,,,,0,5,3,0,0,0,0,16,0,5,6,5,67,2,12,1,31,3,3,0,100,3.222222222,Any,
Pierce,Booth,M,,,,Australia,17/10/1998,3; 7; 165,-1,3,67,,,,,,,,,24,6.1,12.68,15.11,8.98,13.27,10.63,11.74,7.32,11.17,0.83,16,,,,,,,,,,,,24,50,81,2,4,,,,4,1,7,0,0,0,0,14,0,8,9,9,18,2,86,1,28,3,3,0,100,2.694444444,Any,
Vitaly,Volkov,M,,,,RussianFederation,24/03/1998,8; 27,-1,3,63,,,,,,,,,0,12.43,11.94,11.56,11.8,11.63,12.26,12.07,12.44,11.87,0.5,16,,,,,,,,,,,,30,50,81,0,4,,,,0,3,5,0,0,0,0,10,0,8,6,5,13,2,20,3,30,2,3,0,100,3,Any,
Rita,Maibaum,F,,,,Germany,29/01/1997,19,-1,3,64,,,,,,,,,0,15.57,10.67,4.5,15.17,2.62,9.29,10.08,8.62,14.48,0.93,16,,,,,,,,,,,,41,50,81,22,4,,,,2,5,1,3,0,0,0,9,0,7,1,4,66,2,21,3,27,2,5,0,100,2.527777778,GTSeries,
Esme,Murphy,F,,,,Ireland,03/05/1998,32; 284,-1,3,60,,,,,,,,,0,7.8,6.68,11.34,4.47,15.31,12.22,16.64,15.97,14.57,0.65,16,,,,,,,,,,,,28,50,81,0,4,,,,4,1,9,0,0,0,0,15,0,7,1,5,25,2,30,2,30,2,4,0,100,2.916666667,Any,
Max,Schmidt,M,,,,Germany,14/09/1996,54; 26,-1,1,67,,,,,,,,,0,14.07,9.82,8.54,9.53,16.15,15.04,16.48,15.87,14.5,0.83,16,,,,,,,,,,,,45,50,81,0,4,,,,1,3,3,1,0,7,0,6,0,10,10,3,46,2,20,1,30,3,1,0,100,3.333333333,SingleSeaterSeries,
Geraldo,Alvarez,M,,,,Peru,18/04/1997,6; 45; 50; 231,-1,2,67,,,,,,,,,0,16.93,16.49,4.85,15.61,10.17,12.13,8.96,15.97,13.89,0.49,16,,,,,,,,,,,,39,50,81,14,4,,,,5,3,6,0,0,0,0,12,0,9,8,1,41,2,45,1,27,2,1,0,100,3.194444444,GTSeries,
Connor,Chapman,M,,,,UK,08/03/1986,14; 231,-1,2,67,,,,,,,,,0,16,10.62,9.27,14.05,6.34,9.18,10.4,12.52,13.62,0.76,16,,,,,,,,,,,,100,50,81,0,4,,,,5,6,7,0,0,0,0,11,0,8,4,0,35,2,40,3,29,1,1,0,100,2.833333333,SingleSeaterSeries,
Scott,Price,M,,,,NewZealand,05/09/1995,63; 30,-1,0,67,,,,,,,,,0,4.65,4.86,8.47,3.7,6.48,12.26,11.75,1.89,17.94,0.67,16,,,,,,,,,,,,55,50,81,0,4,,,,2,2,1,0,0,0,0,8,0,4,7,0,90,2,10,4,26,1,1,0,100,2,Any,
Franky,Kinney,F,,,,Australia,06/09/1980,77; 72; 286; 165,1,0,59,,,,,,,,,5,2.01,3.24,8.4,4.9,9.61,4.74,9.28,14.18,15.64,0.56,16,,,,,,,,,,,,100,50,81,10,4,,,,2,4,7,0,0,0,0,12,0,4,9,8,50,2,78,1,35,2,1,0,100,2,Any,
Enriqua,Lara,F,,,,SriLanka,02/01/1998,6; 25; 45; 165,-1,1,53,,,,,,,,,5.25,4.9,4.73,19.12,16.56,5.19,10.29,13.16,10.94,10.11,0.85,16,,,,,,,,,,,,32,50,81,5,4,,,,1,1,8,0,0,0,0,10,0,6,6,6,11,2,35,3,28,2,1,0,100,2.638888889,Any,
Ellie,Foster,F,,,,UK,31/12/1987,66; 52,-1,1,67,,,,,,,,,0,16.05,16.7,4.16,16.83,10.04,16.3,8.93,12.49,14.5,0.83,16,,,,,,,,,,,,100,50,81,23,4,,,,4,6,8,0,0,4,0,6,0,6,2,4,9,2,12,2,29,1,1,0,100,3.222222222,GTSeries,
Maisy,Jones,F,,,,UnitedStates,29/01/1988,47; 290,-1,1,62,,,,,,,,,0,17.63,16.91,1.46,18.24,11.75,14.24,8.24,10.81,8.72,0.47,16,,,,,,,,,,,,100,50,81,0,4,,,,0,5,3,3,0,8,0,11,0,4,5,5,16,2,45,1,30,3,2,0,100,3,SingleSeaterSeries,
Max,Porter,M,,,,UK,26/08/1993,44; 51,-1,1,75,,,,,,,,,0,13.03,13.64,3.46,14.12,9.02,11.53,10.17,14.15,8.88,0.44,16,,,,,,,,,,,,75,50,81,24,4,,,,2,5,8,0,0,0,0,7,0,8,8,9,77,2,58,2,32,2,2,0,100,2.722222222,GTSeries,
Ollie,Ryan,M,,,,UK,14/12/1989,43; 49,-1,1,66,,,,,,,,,0,10.9,10.62,6.42,17.51,9.17,13.26,12.2,8.36,9.56,0.91,16,,,,,,,,,,,,100,50,81,12,4,,,,5,2,8,0,0,0,0,10,0,7,7,5,6,2,37,3,29,1,3,0,100,2.722222222,Any,
Gaston,Renou,M,,,,France,29/10/1987,2; 283; 288; 165,-1,2,65,,,,,,,,,12.2,6.84,2.75,3.13,18.58,14.1,13.67,9.37,17.1,7.46,0.74,16,,,,,,,,,,,,100,50,81,0,4,,,,0,2,8,0,0,1,0,5,0,7,6,7,53,2,30,3,30,2,1,0,100,2.583333333,Any,
Ellie,Marsh,F,,,,UK,27/03/1998,66; 78,-1,1,61,,,,,,,,,0,6.91,5.08,0.87,15.26,15.34,9.61,11.23,17.72,9.98,0.87,16,,,,,,,,,,,,29,50,81,14,4,,,,2,3,9,0,0,2,0,12,0,4,7,0,67,2,68,1,31,3,1,0,100,2.555555556,Any,
Rina,Petri,F,,,,Italy,02/07/1996,36; 65,-1,2,64,,,,,,,,,0,7.97,1.81,4.23,15.96,13.65,14.85,16.1,10.48,12.95,0.92,16,,,,,,,,,,,,47,50,81,16,4,,,,4,4,6,0,0,0,0,3,0,4,2,5,15,2,20,3,30,2,1,0,100,2.722222222,GTSeries,
Alexei,Ivanenko,M,,,,Ukraine,28/07/1991,66,-1,3,76,,,,,,,,,0,15.1,15.39,14.59,14.65,14.62,15.31,15.3,15.04,15,0.5,16,,,,,,,,,,,,96,50,81,20,4,,,,2,3,2,1,0,5,0,0,0,8,0,10,79,2,10,5,28,1,2,0,100,3.75,Any,
Nathan,Deniau,M,,,,France,20/02/1988,130; 82; 19,-1,3,75,,,,,,,,,0,16.79,16.75,14.12,11.27,14.8,13.04,12.91,13.41,15.91,0.5,16,,,,,,,,,,,,100,50,81,22,4,,,,4,3,9,0,0,0,0,12,0,10,3,8,86,2,22,2,31,2,1,0,100,3.583333333,Any,
Ashley,Wilson,F,,,,Canada,06/09/1995,53;  229,-1,3,60,,,,,,,,,0,18.01,17.58,19.6,10.46,16.12,18.64,18.36,15.3,18.93,0.4,16,,,,,,,,,,,,55,50,81,0,4,,,,0,4,9,0,1,11,0,5,0,9,6,0,55,2,50,3,36,2,2,0,100,4.25,Any,
Ray,Roberts,M,,,,UnitedStates,18/11/1980,36; 56; 230,-1,2,69,,,,,,,,,0,13.85,5.94,9.75,16.91,16.91,9.13,10.32,19.3,14.89,0.57,16,,,,,,,,,,,,100,50,81,2,4,,,,5,5,6,0,0,0,0,0,0,3,3,6,40,2,50,2,33,2,3,0,100,3.25,GTSeries,
Lars,Ohlin,M,,,,Sweden,30/06/1980,263,-1,3,76,,,,,,,,,0,11.71,4.41,17.12,19.24,19.05,9.63,12.01,17.75,19.08,0.63,16,,,,,,,,,,,,100,50,81,20,4,,,,1,3,2,1,0,8,0,3,0,9,0,6,74,2,21,4,26,2,4,0,100,3.611111111,Any,
Luc,Cormier,M,,,,France,28/02/1989,45; 43,-1,3,75,,,,,,,,,0,16.39,6.5,16.58,18.07,17.26,11.88,14.69,15.44,17.19,0.42,16,,,,,,,,,,,,100,50,81,0,4,,,,1,5,8,0,0,0,0,0,0,9,3,1,8,2,65,1,37,2,1,0,100,3.722222222,Any,
Falko,Engelhart,M,,,,Germany,30/03/1990,80; 104; 19,-1,0,71,,,,,,,,,0,10.91,14.21,17.91,9.3,11.79,12.44,8.26,15.62,15.56,0.49,16,,,,,,,,,,,,100,50,81,13,4,,,,0,4,8,2,0,0,0,16,0,5,6,5,56,2,50,1,31,3,3,0,100,3.222222222,Any,
Bobby,Stone Jr.,M,,,,UnitedStates,12/05/1993,309; 298; 18,-1,0,74,,,,,,,,,0,13,14,12,16,11,13,17,1,10,0.68,16,,,,,,,,,,,,78,50,81,15,2,,,,2,5,7,3,0,6,0,16,0,5,6,5,75,2,50,1,31,3,3,250,100,2.972222222,GTSeries,3
Winston,Margate,M,,,,UK,08/08/1993,28; 18; 51,-1,0,69,,,,,,,,,0,14.87,16.5,17.42,14.5,13.44,10.54,8.26,16.62,16.23,0.46,16,,192,31,59,32,,,,482,1,,76,50,81,13,4,,,,0,4,8,0,0,2,0,16,0,5,6,5,75,2,50,1,31,3,3,0,100,3.566111111,SingleSeaterSeries,6
Danilo,Pereya,M,,,,Brazil,17/08/1992,113; 145,-1,0,71,,,,,,,,,0,15.91,15.2,15.12,16.7,12.79,10.33,9.91,14.3,16.13,0.43,16,,207,23,60,24,,,,485,3,,86,50,81,13,4,,,,2,6,7,1,0,0,0,16,0,5,6,5,75,2,50,1,31,3,3,0,100,3.510833333,SingleSeaterSeries,6
Sofia,Bukhalova,F,,,,Bulgaria,16/11/1997,53,-1,1,71,,,,,,,,,0,17.5,16.98,12.13,9.37,5.59,6.99,11.84,7.81,9.79,0.9,16,,,,,,,,,,,,33,50,81,15,4,,,,2,5,7,1,0,0,0,16,0,2,5,6,30,2,28,1,28,2,3,200,100,2.722222222,Any,
Boris,Vyhovsky,M,,,,Ukraine,25/04/1997,43; 66,-1,2,66,,,,,,,,,0,8.61,10.71,10.3,16.15,7.28,14.35,14.61,10.81,12.18,0.4,16,,,,,,,,,,,,39,50,81,40,4,,,,1,4,9,0,0,0,0,5,0,9,10,1,82,2,22,2,30,2,2,0,100,2.916666667,Any,
Felipe,Nunes,M,,,,Brazil,19/07/1995,53,-1,0,66,,,,,,,,,0,1.84,4.7,1.65,2.06,1,1.46,1.94,4.84,2.14,0.57,76,,,,,,,,,,,,56,38,99,12,3,,,,0,2,8,0,0,0,0,5,0,6,5,3,78,1,53,1,31,2,1,0,100,0.600833333,Any,
Petra,Schober,F,,,,Germany,13/05/1992,46,-1,0,68,,,,,,,,,0,7.85,10.36,16.25,11.4,15.43,10.32,18.21,9.11,14.53,0.75,16,,,,,,,,,,,,88,50,81,10,2,,,,1,3,4,0,0,1,0,16,0,5,6,5,34,2,35,2,30,3,1,0,100,3.151666667,EnduranceSeries,
Gonzalo,Agramonte,M,,,,Spain,02/12/1984,286,-1,0,76,,,,,,,,,0,11.34,11.25,8.1,6.75,8.32,18.11,12.35,16.1,16.2,0.48,16,,,,,,,,,,,,100,50,81,2,1,,,,2,6,8,1,0,0,0,16,0,9,10,1,10,2,10,1,30,2,1,200,100,3.014444444,EnduranceSeries,
Lola,Marsh,F,,,,UK,19/10/1994,56; 73,-1,0,76,,,,,,,,,0,14.52,15.25,6.01,8.45,3.23,5.41,8.33,5.71,9.23,0.65,16,,,,,,,,,,,,64,50,81,20,4,,,,0,2,1,0,0,0,0,16,0,5,6,5,82,2,65,2,28,1,1,0,100,2.115,EnduranceSeries,
Sara,Thomas,F,,,,Ireland,03/09/1993,47; 50,-1,0,64,,,,,,,,,0,6.01,13.52,9.87,10.96,7.37,8.77,14.61,6.32,10.14,0.67,16,,,,,,,,,,,,75,55,81,10,3,,,,0,1,3,0,0,0,0,13,0,6,8,8,78,2,20,3,26,2,2,0,100,2.4325,Any,
